3 0.853125 0.114844 0.050000 0.057813
3 0.932813 0.182812 0.053125 0.059375
3 0.589844 0.782031 0.042188 0.051562
3 0.905469 0.161719 0.054688 0.060937
3 0.808594 0.066406 0.051562 0.051562
3 0.742969 0.438281 0.073438 0.060937
3 0.681250 0.739844 0.050000 0.064062
3 0.831250 0.092969 0.050000 0.054688
3 0.740625 0.710938 0.040625 0.065625
3 0.710156 0.727344 0.045312 0.060937
3 0.978906 0.250781 0.039062 0.057813
3 0.816406 0.398438 0.070312 0.053125
3 0.880469 0.140625 0.054688 0.059375
3 0.644531 0.753906 0.048438 0.064062
4 0.218750 0.143750 0.084375 0.128125
4 0.257812 0.132031 0.084375 0.148438
