2 0.383594 0.023438 0.057813 0.043750
0 0.359375 0.984375 0.068750 0.028125
0 0.207813 0.392188 0.056250 0.040625
3 0.685937 0.546094 0.046875 0.079687
0 0.275000 0.377344 0.062500 0.042188
0 0.238281 0.546094 0.060937 0.039062
0 0.338281 0.959375 0.064062 0.037500
0 0.221875 0.471094 0.062500 0.042188
0 0.243750 0.582031 0.059375 0.039062
0 0.313281 0.560937 0.067187 0.040625
0 0.395313 0.897656 0.062500 0.039062
0 0.383594 0.860156 0.064062 0.039062
0 0.214062 0.438281 0.062500 0.045312
0 0.309375 0.521875 0.059375 0.037500
3 0.610938 0.567969 0.046875 0.079687
0 0.292187 0.449219 0.062500 0.042188
0 0.282031 0.412500 0.057813 0.037500
0 0.300000 0.485938 0.059375 0.043750
0 0.233594 0.507031 0.060937 0.039062
0 0.249219 0.619531 0.060937 0.039062
0 0.332031 0.632031 0.060937 0.039062
0 0.270313 0.691406 0.062500 0.048438
0 0.357812 0.746094 0.062500 0.048438
0 0.296875 0.799219 0.062500 0.048438
0 0.362500 0.792969 0.062500 0.048438
0 0.373437 0.825781 0.062500 0.048438
0 0.420312 0.971094 0.062500 0.039062
0 0.947656 0.754687 0.045312 0.065625
3 0.853125 0.131250 0.040625 0.062500
1 0.069531 0.694531 0.117188 0.054688
1 0.074219 0.730469 0.117188 0.054688
1 0.082031 0.764844 0.117188 0.054688
1 0.088281 0.803906 0.117188 0.054688
1 0.099219 0.841406 0.117188 0.054688
1 0.102344 0.883594 0.117188 0.054688
1 0.113281 0.921094 0.117188 0.054688
1 0.121094 0.957031 0.117188 0.054688
1 0.127344 0.983594 0.120313 0.032813
0 0.029687 0.430469 0.056250 0.048438
0 0.029687 0.471094 0.056250 0.048438
0 0.035156 0.505469 0.057813 0.048438
0 0.045312 0.543750 0.078125 0.043750
