2 0.683594 0.986719 0.054688 0.026562
2 0.777344 0.972656 0.054688 0.054688
2 0.735938 0.980469 0.056250 0.039062
2 0.726562 0.552344 0.081250 0.051562
2 0.798438 0.752344 0.087500 0.054688
2 0.542969 0.021875 0.082812 0.040625
2 0.595313 0.171094 0.081250 0.057813
2 0.564844 0.065625 0.085938 0.056250
2 0.695312 0.454688 0.084375 0.053125
2 0.811719 0.815625 0.089063 0.059375
2 0.685156 0.407813 0.082812 0.056250
2 0.637500 0.269531 0.081250 0.057813
2 0.757031 0.650781 0.085938 0.054688
2 0.668750 0.361719 0.084375 0.054688
2 0.778906 0.712500 0.082812 0.050000
2 0.615625 0.218750 0.081250 0.059375
2 0.575000 0.107813 0.087500 0.059375
2 0.714063 0.505469 0.084375 0.051562
2 0.654687 0.315625 0.084375 0.056250
