3 0.692969 0.975781 0.064062 0.042188
3 0.799219 0.889844 0.060937 0.060937
3 0.776563 0.806250 0.071875 0.037500
3 0.820312 0.861719 0.059375 0.060937
3 0.610156 0.981250 0.057813 0.031250
3 0.694531 0.896094 0.070312 0.042188
3 0.725000 0.867969 0.071875 0.042188
3 0.632812 0.949219 0.071875 0.045312
3 0.845313 0.833594 0.062500 0.064062
3 0.898438 0.782031 0.062500 0.060937
3 0.789844 0.771094 0.073438 0.042188
3 0.728125 0.961719 0.062500 0.060937
3 0.744531 0.834375 0.076563 0.046875
3 0.962500 0.967187 0.071875 0.065625
