3 0.023438 0.786719 0.040625 0.057813
3 0.109375 0.733594 0.046875 0.064062
3 0.528906 0.506250 0.045312 0.062500
3 0.175000 0.706250 0.050000 0.065625
3 0.078906 0.753906 0.051562 0.064062
3 0.503125 0.528125 0.050000 0.068750
3 0.219531 0.101562 0.060937 0.053125
3 0.192188 0.980469 0.043750 0.039062
3 0.626563 0.982812 0.059375 0.034375
3 0.620313 0.457813 0.046875 0.062500
3 0.590625 0.474219 0.046875 0.067187
3 0.148438 0.730469 0.043750 0.067187
3 0.471094 0.540625 0.051562 0.062500
3 0.406250 0.973437 0.065625 0.046875
3 0.976562 0.258594 0.043750 0.064062
3 0.795312 0.353906 0.050000 0.060937
3 0.056250 0.775000 0.046875 0.062500
3 0.653906 0.438281 0.054688 0.079687
3 0.257031 0.962500 0.045312 0.062500
3 0.604688 0.955469 0.065625 0.048438
3 0.857031 0.321094 0.048438 0.067187
3 0.943750 0.269531 0.046875 0.064062
3 0.557813 0.495312 0.046875 0.065625
3 0.223438 0.971875 0.040625 0.053125
