3 0.310938 0.382812 0.084375 0.084375
3 0.404688 0.126562 0.071875 0.059375
3 0.432031 0.103906 0.076563 0.060938
3 0.492188 0.051563 0.078125 0.059375
3 0.510938 0.292187 0.078125 0.059375
3 0.045313 0.767188 0.056250 0.065625
3 0.564063 0.232813 0.078125 0.059375
3 0.632812 0.185938 0.078125 0.059375
3 0.654688 0.157031 0.078125 0.060938
3 0.532813 0.263281 0.078125 0.060938
3 0.073438 0.729688 0.062500 0.062500
3 0.510938 0.414062 0.062500 0.062500
3 0.532813 0.445312 0.062500 0.062500
3 0.570312 0.498438 0.081250 0.078125
3 0.607813 0.519531 0.071875 0.070312
3 0.632812 0.544531 0.071875 0.070312
3 0.676563 0.566406 0.065625 0.067187
3 0.729688 0.620313 0.068750 0.062500
3 0.753906 0.651563 0.070312 0.062500
3 0.795313 0.689063 0.078125 0.075000
3 0.834375 0.720313 0.068750 0.062500
3 0.864063 0.754688 0.065625 0.065625
3 0.885938 0.785938 0.068750 0.068750
3 0.926563 0.910938 0.062500 0.059375
3 0.980469 0.971875 0.039062 0.056250
