3 0.561719 0.595313 0.082812 0.081250
3 0.538281 0.675781 0.060937 0.070312
3 0.567969 0.699219 0.060937 0.070312
3 0.600781 0.732031 0.060937 0.070312
3 0.630469 0.760156 0.060937 0.070312
3 0.652344 0.802344 0.060937 0.070312
3 0.680469 0.816406 0.060937 0.070312
3 0.721094 0.832031 0.060937 0.070312
3 0.747656 0.869531 0.060937 0.057813
3 0.766406 0.896094 0.060937 0.070312
3 0.792188 0.925781 0.059375 0.064062
3 0.854688 0.973437 0.071875 0.053125
3 0.814063 0.946094 0.059375 0.064062
3 0.434375 0.585156 0.068750 0.067187
3 0.406250 0.547656 0.068750 0.067187
3 0.375000 0.525781 0.068750 0.067187
3 0.355469 0.476562 0.089063 0.037500
3 0.387500 0.427344 0.078125 0.064062
3 0.464062 0.349219 0.065625 0.064062
3 0.488281 0.320312 0.067187 0.068750
3 0.552344 0.270313 0.067187 0.068750
3 0.602344 0.211719 0.076563 0.076563
3 0.633594 0.182812 0.067187 0.068750
3 0.657813 0.146094 0.068750 0.064062
3 0.746094 0.076563 0.076563 0.068750
3 0.772656 0.043750 0.076563 0.068750
3 0.625781 0.430469 0.057813 0.070312
3 0.649219 0.458594 0.057813 0.070312
3 0.683594 0.475000 0.060937 0.065625
3 0.735156 0.529687 0.073438 0.062500
3 0.753906 0.568750 0.073438 0.062500
3 0.777344 0.590625 0.064062 0.056250
3 0.835938 0.650781 0.078125 0.073438
3 0.860156 0.677344 0.067187 0.064062
3 0.891406 0.705469 0.067187 0.064062
3 0.949219 0.757031 0.067187 0.064062
3 0.916406 0.724219 0.067187 0.064062
3 0.981250 0.823438 0.037500 0.059375
3 0.967969 0.785156 0.057813 0.070312
3 0.670312 0.344531 0.056250 0.067187
3 0.682031 0.375781 0.057813 0.070312
3 0.717187 0.397656 0.056250 0.067187
3 0.739062 0.428906 0.056250 0.067187
3 0.767969 0.458594 0.064062 0.060937
3 0.796094 0.477344 0.064062 0.060937
3 0.817969 0.511719 0.064062 0.060937
3 0.841406 0.535156 0.064062 0.060937
3 0.871094 0.560156 0.064062 0.060937
3 0.900781 0.585156 0.064062 0.060937
3 0.917969 0.610156 0.064062 0.060937
3 0.942969 0.639844 0.064062 0.060937
3 0.975000 0.667188 0.050000 0.062500
3 0.781250 0.235937 0.062500 0.062500
3 0.807813 0.270313 0.068750 0.065625
3 0.835938 0.301563 0.068750 0.065625
3 0.860938 0.339062 0.068750 0.065625
3 0.884375 0.360938 0.062500 0.062500
3 0.918750 0.385937 0.068750 0.065625
3 0.940625 0.414062 0.068750 0.065625
3 0.871875 0.225000 0.068750 0.065625
3 0.890625 0.257812 0.068750 0.065625
3 0.914062 0.281250 0.068750 0.065625
3 0.937500 0.301563 0.068750 0.065625
3 0.964844 0.328906 0.064062 0.064062
3 0.984375 0.357031 0.031250 0.051562
3 0.944531 0.098437 0.064062 0.062500
3 0.982031 0.139844 0.035937 0.057813
3 0.967969 0.068750 0.064062 0.062500
3 0.818750 0.028125 0.068750 0.053125
