3 0.235937 0.848437 0.053125 0.065625
3 0.228125 0.941406 0.050000 0.054688
3 0.332813 0.794531 0.040625 0.064062
3 0.778125 0.532031 0.034375 0.067187
3 0.803125 0.786719 0.056250 0.060937
3 0.397656 0.765625 0.048438 0.075000
3 0.636719 0.822656 0.054688 0.064062
3 0.292969 0.805469 0.045312 0.057813
3 0.669531 0.703906 0.032813 0.064062
3 0.363281 0.783594 0.039062 0.057813
3 0.609375 0.985156 0.037500 0.029687
3 0.917188 0.538281 0.034375 0.060937
3 0.883594 0.532813 0.032813 0.059375
3 0.847656 0.690625 0.035937 0.062500
3 0.600781 0.710156 0.039062 0.070312
3 0.668750 0.528125 0.040625 0.078125
3 0.775781 0.694531 0.032813 0.060937
3 0.291406 0.619531 0.042188 0.054688
3 0.462500 0.568750 0.040625 0.068750
3 0.742969 0.696875 0.029687 0.059375
3 0.949219 0.544531 0.039062 0.067187
3 0.321094 0.611719 0.042188 0.057813
3 0.814844 0.539062 0.032813 0.068750
3 0.707031 0.524219 0.035937 0.067187
3 0.112500 0.736719 0.053125 0.064062
3 0.396094 0.591406 0.042188 0.067187
3 0.743750 0.527344 0.034375 0.067187
3 0.078125 0.753906 0.056250 0.064062
3 0.703125 0.700781 0.034375 0.067187
3 0.192969 0.675000 0.051562 0.068750
3 0.140625 0.711719 0.050000 0.067187
3 0.358594 0.598437 0.039062 0.059375
3 0.228906 0.657031 0.048438 0.067187
3 0.646875 0.982812 0.034375 0.034375
3 0.467187 0.743750 0.043750 0.065625
