2 0.483594 0.102344 0.098437 0.073438
2 0.747656 0.625000 0.092188 0.065625
2 0.782031 0.689063 0.092188 0.068750
2 0.807031 0.740625 0.092188 0.068750
2 0.832812 0.789062 0.090625 0.068750
2 0.858594 0.838281 0.095312 0.073438
2 0.718750 0.571094 0.090625 0.067187
2 0.696094 0.524219 0.092188 0.067187
2 0.670312 0.470313 0.093750 0.065625
2 0.645312 0.421094 0.093750 0.067187
2 0.625781 0.370312 0.095312 0.065625
2 0.593750 0.312500 0.090625 0.068750
2 0.564063 0.271094 0.090625 0.067187
2 0.540625 0.221875 0.093750 0.065625
2 0.514844 0.171094 0.095312 0.067187
2 0.892969 0.887500 0.117188 0.087500
