3 0.652344 0.978906 0.042188 0.039062
3 0.394531 0.262500 0.054688 0.096875
3 0.697656 0.971094 0.051562 0.057813
3 0.604688 0.980469 0.043750 0.039062
3 0.563281 0.988281 0.039062 0.023438
3 0.447656 0.241406 0.057813 0.098437
3 0.271875 0.058594 0.087500 0.067187
1 0.824219 0.067187 0.089063 0.053125
3 0.921875 0.905469 0.059375 0.098437
3 0.870313 0.917969 0.059375 0.098437
0 0.884375 0.339062 0.068750 0.050000
0 0.867969 0.300781 0.064062 0.051562
0 0.902344 0.386719 0.070312 0.051562
3 0.321094 0.119531 0.060937 0.054688
