3 0.320312 0.417187 0.053125 0.034375
0 0.966406 0.946094 0.054688 0.054688
3 0.354687 0.575000 0.056250 0.031250
3 0.339062 0.549219 0.053125 0.032813
3 0.921875 0.796094 0.050000 0.051562
3 0.382812 0.675000 0.059375 0.037500
3 0.364844 0.605469 0.060937 0.035937
0 0.975781 0.981250 0.048438 0.037500
3 0.335156 0.515625 0.051562 0.031250
3 0.381250 0.639062 0.056250 0.034375
3 0.966406 0.946094 0.054688 0.054688
3 0.946094 0.868750 0.057813 0.056250
3 0.401562 0.733594 0.065625 0.039062
3 0.839063 0.489063 0.059375 0.056250
