3 0.555469 0.942969 0.042188 0.060937
3 0.980469 0.167187 0.039062 0.040625
3 0.732812 0.801562 0.065625 0.040625
3 0.951562 0.987500 0.062500 0.025000
3 0.692969 0.862500 0.064062 0.037500
3 0.493750 0.892969 0.043750 0.067187
3 0.900000 0.937500 0.065625 0.043750
3 0.728125 0.885938 0.059375 0.037500
3 0.985156 0.284375 0.029687 0.068750
3 0.434375 0.459375 0.056250 0.053125
3 0.257031 0.185938 0.073438 0.071875
3 0.417969 0.484375 0.057813 0.050000
3 0.710938 0.781250 0.062500 0.040625
3 0.860938 0.359375 0.065625 0.040625
3 0.919531 0.414844 0.064062 0.042188
3 0.925781 0.256250 0.042188 0.065625
3 0.963281 0.267969 0.045312 0.076563
3 0.366406 0.531250 0.057813 0.056250
3 0.842187 0.881250 0.081250 0.053125
3 0.392188 0.504687 0.062500 0.056250
3 0.960156 0.142969 0.067187 0.048438
3 0.536719 0.730469 0.067187 0.042188
3 0.615625 0.707812 0.062500 0.040625
3 0.835938 0.967187 0.062500 0.043750
3 0.830469 0.338281 0.064062 0.042188
3 0.635938 0.806250 0.065625 0.043750
3 0.885156 0.387500 0.067187 0.040625
3 0.663281 0.834375 0.070312 0.040625
3 0.748437 0.810937 0.062500 0.040625
3 0.512500 0.705469 0.071875 0.048438
3 0.653125 0.730469 0.065625 0.042188
3 0.788281 0.314844 0.064062 0.042188
3 0.490625 0.404687 0.056250 0.053125
