3 0.542188 0.850000 0.040625 0.065625
3 0.642969 0.100000 0.045312 0.053125
3 0.425000 0.492188 0.053125 0.062500
3 0.744531 0.154688 0.048438 0.056250
3 0.679688 0.417187 0.040625 0.059375
3 0.503906 0.656250 0.045312 0.062500
3 0.171875 0.325781 0.059375 0.057813
3 0.450000 0.504687 0.050000 0.059375
3 0.671094 0.706250 0.039062 0.062500
3 0.439063 0.013281 0.040625 0.023438
3 0.451562 0.312500 0.053125 0.065625
3 0.471875 0.824219 0.040625 0.064062
3 0.641406 0.415625 0.048438 0.068750
3 0.777344 0.167187 0.045312 0.065625
3 0.778125 0.048438 0.040625 0.065625
3 0.055469 0.360938 0.064062 0.056250
3 0.138281 0.431250 0.060937 0.056250
3 0.251563 0.161719 0.050000 0.054688
3 0.707812 0.324219 0.050000 0.067187
3 0.579688 0.375000 0.046875 0.062500
3 0.516406 0.229687 0.045312 0.059375
3 0.704688 0.026562 0.053125 0.050000
3 0.151562 0.298438 0.056250 0.059375
3 0.571094 0.864844 0.039062 0.060937
3 0.679688 0.114844 0.037500 0.051562
3 0.512500 0.360156 0.046875 0.060937
3 0.470313 0.634375 0.053125 0.068750
3 0.295312 0.209375 0.062500 0.062500
3 0.639062 0.700781 0.037500 0.060937
3 0.571875 0.679688 0.043750 0.065625
3 0.224219 0.705469 0.042188 0.060937
3 0.642188 0.289844 0.050000 0.067187
3 0.388281 0.136719 0.051562 0.054688
3 0.566406 0.568750 0.054688 0.071875
3 0.250000 0.306250 0.071875 0.062500
3 0.484375 0.211719 0.053125 0.073438
3 0.676562 0.021094 0.065625 0.039062
3 0.707031 0.727344 0.039062 0.060937
3 0.609375 0.401562 0.043750 0.059375
3 0.583594 0.075000 0.045312 0.059375
3 0.381250 0.475781 0.059375 0.060937
3 0.673438 0.896875 0.040625 0.065625
3 0.615625 0.092188 0.046875 0.053125
3 0.085938 0.391406 0.065625 0.073438
3 0.347656 0.460938 0.054688 0.059375
3 0.809375 0.057813 0.046875 0.075000
3 0.605469 0.875781 0.039062 0.060937
3 0.445312 0.622656 0.050000 0.064062
3 0.411719 0.605469 0.051562 0.060937
3 0.378125 0.785156 0.040625 0.057813
3 0.504687 0.844531 0.037500 0.057813
3 0.321875 0.432031 0.065625 0.073438
3 0.745313 0.449219 0.043750 0.067187
3 0.221094 0.135156 0.054688 0.057813
3 0.445312 0.815625 0.040625 0.059375
3 0.110156 0.414844 0.070312 0.070312
3 0.032031 0.339062 0.054688 0.059375
3 0.639062 0.592187 0.050000 0.071875
3 0.317188 0.564063 0.056250 0.065625
3 0.409375 0.800781 0.043750 0.064062
3 0.669531 0.310156 0.048438 0.064062
3 0.331250 0.100000 0.056250 0.059375
3 0.641406 0.886719 0.039062 0.067187
3 0.351562 0.580469 0.046875 0.057813
3 0.092969 0.248438 0.064062 0.065625
3 0.257812 0.719531 0.040625 0.060937
3 0.187500 0.682813 0.056250 0.065625
3 0.160938 0.671094 0.053125 0.064062
3 0.607812 0.697656 0.040625 0.064062
3 0.744531 0.035937 0.045312 0.062500
3 0.577344 0.267188 0.048438 0.062500
3 0.503125 0.542188 0.053125 0.071875
3 0.315625 0.756250 0.043750 0.065625
3 0.283594 0.746875 0.042188 0.059375
3 0.018750 0.315625 0.034375 0.062500
3 0.540625 0.664844 0.040625 0.067187
3 0.742969 0.334375 0.042188 0.062500
3 0.710938 0.138281 0.037500 0.051562
3 0.423438 0.296875 0.053125 0.065625
3 0.298438 0.542188 0.056250 0.065625
3 0.264062 0.517188 0.056250 0.065625
