0 0.500000 0.500000 0.065625 0.050000
0 0.011719 0.018750 0.020313 0.034375
0 0.650000 0.473438 0.065625 0.046875
0 0.674219 0.101562 0.067187 0.046875
0 0.468750 0.014063 0.068750 0.025000
0 0.271094 0.323437 0.070312 0.046875
0 0.147656 0.027344 0.070312 0.045312
0 0.526563 0.146094 0.068750 0.048438
0 0.446094 0.370312 0.070312 0.046875
0 0.433594 0.334375 0.067187 0.046875
0 0.214062 0.179688 0.065625 0.046875
0 0.350781 0.554688 0.067187 0.046875
0 0.159375 0.478906 0.065625 0.042188
0 0.032813 0.130469 0.059375 0.048438
0 0.242188 0.254688 0.068750 0.050000
0 0.178906 0.103906 0.070312 0.048438
0 0.715625 0.216406 0.068750 0.045312
0 0.296875 0.403125 0.068750 0.046875
0 0.462500 0.409375 0.065625 0.046875
0 0.084375 0.279687 0.065625 0.046875
0 0.382812 0.629687 0.065625 0.046875
0 0.067187 0.243750 0.068750 0.046875
0 0.321875 0.480469 0.068750 0.048438
0 0.821875 0.477344 0.065625 0.048438
0 0.683594 0.559375 0.067187 0.046875
0 0.645312 0.022656 0.068750 0.042188
0 0.664844 0.520312 0.064062 0.043750
0 0.489844 0.485938 0.060937 0.050000
0 0.257031 0.289062 0.067187 0.046875
0 0.510156 0.525000 0.067187 0.043750
0 0.133594 0.392188 0.067187 0.046875
0 0.162500 0.067969 0.065625 0.048438
0 0.732812 0.258594 0.068750 0.051562
0 0.207813 0.596875 0.068750 0.046875
0 0.410938 0.236719 0.068750 0.048438
0 0.366406 0.589844 0.064062 0.045312
0 0.772656 0.366406 0.064062 0.048438
0 0.512500 0.110937 0.065625 0.046875
0 0.223438 0.217969 0.068750 0.048438
0 0.120313 0.353125 0.065625 0.046875
0 0.658594 0.062500 0.067187 0.046875
0 0.024219 0.092188 0.045312 0.046875
0 0.683594 0.137500 0.067187 0.046875
0 0.197656 0.141406 0.070312 0.048438
0 0.483594 0.042969 0.070312 0.048438
0 0.192969 0.557031 0.067187 0.048438
0 0.390625 0.200781 0.068750 0.048438
0 0.227344 0.633594 0.067187 0.048438
0 0.174219 0.516406 0.067187 0.045312
0 0.789844 0.398438 0.067187 0.046875
0 0.283594 0.362500 0.067187 0.043750
0 0.414844 0.297656 0.067187 0.048438
0 0.308594 0.442188 0.067187 0.046875
0 0.362500 0.125000 0.068750 0.043750
0 0.348438 0.091406 0.065625 0.045312
0 0.144531 0.439063 0.067187 0.043750
0 0.703906 0.178125 0.067187 0.046875
