0 0.797656 0.608594 0.076563 0.045312
0 0.803125 0.646094 0.090625 0.048438
1 0.810937 0.691406 0.090625 0.054688
1 0.779687 0.569531 0.093750 0.054688
0 0.680469 0.300781 0.079687 0.051562
1 0.698438 0.372656 0.100000 0.060937
3 0.033594 0.754687 0.064062 0.056250
0 0.903906 0.918750 0.067187 0.043750
1 0.825781 0.778125 0.098437 0.053125
0 0.664844 0.260156 0.082812 0.048438
0 0.680469 0.300781 0.076563 0.051562
1 0.707812 0.419531 0.103125 0.057813
1 0.645312 0.221094 0.100000 0.054688
1 0.816406 0.732812 0.095312 0.053125
0 0.865625 0.806250 0.071875 0.043750
0 0.899219 0.882031 0.067187 0.045312
0 0.883594 0.841406 0.070312 0.045312
1 0.598437 0.030469 0.100000 0.057813
