1 0.064844 0.623437 0.073438 0.081250
4 0.475000 0.284375 0.100000 0.112500
4 0.431250 0.306250 0.100000 0.112500
2 0.389062 0.340625 0.100000 0.112500
2 0.350000 0.370312 0.100000 0.112500
2 0.281250 0.380469 0.059375 0.070312
2 0.332813 0.439844 0.059375 0.070312
2 0.257812 0.407031 0.059375 0.070312
2 0.231250 0.424219 0.059375 0.070312
2 0.198437 0.446094 0.059375 0.070312
2 0.245312 0.502344 0.059375 0.070312
2 0.120313 0.471094 0.059375 0.070312
2 0.142187 0.582031 0.059375 0.070312
1 0.099219 0.592187 0.073438 0.081250
4 0.589844 0.168750 0.114062 0.128125
