1 0.807031 0.214062 0.064062 0.087500
1 0.107813 0.556250 0.056250 0.112500
1 0.030469 0.972656 0.057813 0.054688
2 0.778125 0.987500 0.071875 0.025000
1 0.964844 0.290625 0.067187 0.146875
1 0.971875 0.160156 0.056250 0.079687
4 0.978906 0.612500 0.042188 0.093750
2 0.606250 0.507812 0.071875 0.050000
2 0.677344 0.705469 0.070312 0.051562
2 0.707812 0.804688 0.071875 0.053125
2 0.659375 0.658594 0.075000 0.054688
2 0.691406 0.758594 0.073438 0.057813
2 0.729688 0.861719 0.071875 0.051562
4 0.938281 0.624219 0.051562 0.095312
2 0.591406 0.454688 0.070312 0.053125
1 0.151562 0.938281 0.062500 0.098437
2 0.625781 0.559375 0.073438 0.050000
2 0.637500 0.602344 0.071875 0.051562
2 0.742969 0.910156 0.073438 0.051562
1 0.932031 0.311719 0.092188 0.157812
2 0.762500 0.953906 0.071875 0.048438
0 0.064062 0.632031 0.053125 0.067187
0 0.018750 0.657813 0.034375 0.071875
0 0.041406 0.564844 0.051562 0.073438
0 0.026562 0.483594 0.050000 0.073438
