2 0.980469 0.152344 0.039062 0.048438
2 0.952344 0.755469 0.095312 0.054688
2 0.955469 0.980469 0.089063 0.039062
2 0.846094 0.754687 0.117188 0.056250
2 0.981250 0.320312 0.034375 0.059375
2 0.857812 0.980469 0.106250 0.039062
2 0.857812 0.606250 0.115625 0.056250
2 0.576562 0.967969 0.109375 0.057813
2 0.980469 0.207031 0.035937 0.057813
2 0.032813 0.982812 0.062500 0.034375
2 0.978906 0.266406 0.039062 0.060937
2 0.851562 0.696875 0.109375 0.056250
2 0.903906 0.318750 0.120313 0.056250
2 0.034375 0.418750 0.046875 0.096875
2 0.907813 0.151562 0.109375 0.053125
2 0.050781 0.870313 0.098437 0.068750
2 0.119531 0.978906 0.114062 0.042188
2 0.421875 0.859375 0.118750 0.065625
2 0.049219 0.932813 0.095312 0.059375
2 0.081250 0.419531 0.053125 0.101562
2 0.164844 0.922656 0.110937 0.057813
2 0.415625 0.921875 0.115625 0.059375
2 0.165625 0.864062 0.121875 0.065625
2 0.215625 0.440625 0.053125 0.103125
2 0.285938 0.855469 0.121875 0.060937
2 0.289844 0.921875 0.120313 0.062500
2 0.546875 0.867188 0.118750 0.065625
2 0.581250 0.694531 0.118750 0.067187
2 0.460938 0.699219 0.118750 0.067187
2 0.349219 0.703906 0.107813 0.067187
2 0.227344 0.719531 0.107813 0.067187
2 0.117969 0.727344 0.107813 0.067187
2 0.030469 0.721094 0.057813 0.070312
2 0.952344 0.706250 0.095312 0.043750
2 0.957031 0.608594 0.085938 0.051562
2 0.952344 0.485156 0.095312 0.057813
2 0.952344 0.430469 0.095312 0.057813
2 0.952344 0.375781 0.095312 0.057813
2 0.853125 0.374219 0.100000 0.057813
2 0.854688 0.427344 0.100000 0.057813
2 0.854688 0.488281 0.100000 0.057813
4 0.121875 0.628125 0.075000 0.121875
4 0.073438 0.625000 0.075000 0.121875
4 0.026562 0.628125 0.050000 0.115625
