1 0.610938 0.250781 0.150000 0.060937
1 0.643750 0.299219 0.150000 0.060937
1 0.664062 0.352344 0.150000 0.060937
1 0.785937 0.475781 0.150000 0.060937
1 0.853125 0.528906 0.150000 0.060937
1 0.876563 0.590625 0.156250 0.062500
1 0.925781 0.629687 0.148438 0.090625
1 0.172656 0.410938 0.092188 0.087500
1 0.207031 0.460938 0.092188 0.087500
1 0.224219 0.496875 0.092188 0.087500
1 0.261719 0.531250 0.092188 0.087500
1 0.296094 0.573438 0.092188 0.087500
1 0.333594 0.615625 0.092188 0.087500
1 0.369531 0.654687 0.092188 0.087500
1 0.410156 0.685937 0.092188 0.087500
1 0.449219 0.728125 0.092188 0.087500
1 0.535156 0.820312 0.092188 0.087500
1 0.580469 0.848437 0.092188 0.087500
1 0.625781 0.882812 0.092188 0.087500
1 0.652344 0.921875 0.092188 0.087500
1 0.686719 0.956250 0.092188 0.087500
0 0.065625 0.609375 0.053125 0.071875
0 0.096875 0.650781 0.065625 0.067187
0 0.132812 0.682031 0.065625 0.067187
0 0.162500 0.725781 0.065625 0.067187
0 0.195312 0.749219 0.065625 0.067187
0 0.226562 0.785156 0.065625 0.067187
0 0.253125 0.816406 0.065625 0.067187
0 0.282813 0.847656 0.065625 0.067187
0 0.315625 0.874219 0.065625 0.067187
0 0.348438 0.910156 0.065625 0.067187
0 0.376563 0.941406 0.065625 0.067187
0 0.403125 0.966406 0.065625 0.067187
0 0.453125 0.985156 0.053125 0.029687
1 0.035937 0.600000 0.068750 0.081250
