1 0.558594 0.013281 0.129688 0.023438
0 0.911719 0.194531 0.073438 0.042188
1 0.910937 0.282813 0.093750 0.043750
0 0.889844 0.967187 0.035937 0.053125
1 0.427344 0.603906 0.117188 0.054688
1 0.153125 0.028906 0.118750 0.045312
1 0.917188 0.244531 0.103125 0.051562
1 0.478125 0.350000 0.131250 0.059375
1 0.406250 0.663281 0.146875 0.064062
1 0.522656 0.153906 0.139063 0.067187
1 0.120313 0.166406 0.125000 0.054688
1 0.428125 0.555469 0.118750 0.064062
1 0.134375 0.101562 0.115625 0.053125
0 0.475781 0.510156 0.067187 0.035937
1 0.421094 0.701562 0.107813 0.043750
