3 0.372656 0.517969 0.035937 0.035937
3 0.647656 0.794531 0.042188 0.076563
3 0.455469 0.117188 0.064062 0.037500
3 0.338281 0.617969 0.064062 0.035937
3 0.384375 0.487500 0.053125 0.037500
3 0.739062 0.639844 0.062500 0.029687
3 0.420312 0.282031 0.046875 0.032813
3 0.610156 0.788281 0.039062 0.073438
3 0.602344 0.154687 0.067187 0.037500
3 0.782031 0.441406 0.054688 0.035937
3 0.715625 0.701563 0.056250 0.037500
3 0.627344 0.401563 0.060937 0.034375
3 0.448438 0.739062 0.040625 0.050000
3 0.819531 0.269531 0.054688 0.029687
3 0.662500 0.228906 0.078125 0.045312
3 0.585938 0.600000 0.068750 0.034375
3 0.613281 0.117969 0.067187 0.039062
3 0.478906 0.757031 0.042188 0.067187
3 0.600781 0.642969 0.054688 0.039062
3 0.758594 0.571094 0.064062 0.042188
3 0.802344 0.372656 0.064062 0.039062
3 0.811719 0.301562 0.054688 0.031250
3 0.576563 0.281250 0.065625 0.040625
3 0.545313 0.771094 0.037500 0.070312
3 0.580469 0.778906 0.039062 0.067187
3 0.596094 0.569531 0.070312 0.042188
3 0.732031 0.672656 0.060937 0.032813
3 0.571094 0.319531 0.070312 0.042188
3 0.624219 0.435156 0.067187 0.032813
3 0.539844 0.454688 0.070312 0.043750
3 0.635156 0.369531 0.067187 0.042188
3 0.355469 0.556250 0.067187 0.040625
3 0.557031 0.383594 0.070312 0.042188
3 0.510938 0.769531 0.040625 0.070312
3 0.750781 0.606250 0.070312 0.037500
