3 0.835938 0.975781 0.103125 0.048438
3 0.254688 0.538281 0.037500 0.089063
3 0.852344 0.497656 0.073438 0.039062
3 0.871875 0.654687 0.084375 0.040625
3 0.874219 0.697656 0.076563 0.039062
3 0.860156 0.575000 0.079687 0.040625
3 0.479687 0.952344 0.096875 0.048438
3 0.309375 0.534375 0.043750 0.093750
3 0.548438 0.522656 0.040625 0.076563
3 0.879687 0.620313 0.078125 0.040625
3 0.857031 0.535156 0.076563 0.039062
3 0.369531 0.515625 0.039062 0.078125
3 0.506250 0.511719 0.040625 0.076563
3 0.227344 0.732031 0.067187 0.039062
