3 0.023438 0.933594 0.037500 0.064062
3 0.013281 0.686719 0.023438 0.067187
3 0.010156 0.910937 0.020313 0.062500
3 0.093750 0.539062 0.053125 0.100000
3 0.035156 0.697656 0.035937 0.067187
3 0.232812 0.758594 0.040625 0.064062
3 0.752344 0.539844 0.045312 0.067187
3 0.614844 0.420312 0.042188 0.071875
3 0.623438 0.903906 0.037500 0.060937
3 0.677344 0.439063 0.045312 0.065625
3 0.093750 0.966406 0.043750 0.060937
3 0.183594 0.984375 0.039062 0.031250
3 0.652344 0.912500 0.039062 0.062500
3 0.055469 0.956250 0.039062 0.059375
3 0.341406 0.879687 0.045312 0.068750
3 0.171094 0.823438 0.042188 0.062500
3 0.631250 0.972656 0.043750 0.054688
3 0.161719 0.753125 0.035937 0.059375
3 0.269531 0.855469 0.042188 0.067187
3 0.567969 0.641406 0.048438 0.067187
3 0.595312 0.967188 0.040625 0.062500
3 0.586719 0.890625 0.042188 0.065625
3 0.557813 0.880469 0.043750 0.070312
3 0.769531 0.464063 0.042188 0.065625
3 0.687500 0.516406 0.046875 0.067187
3 0.209375 0.828906 0.040625 0.064062
3 0.021094 0.448438 0.039062 0.065625
3 0.028125 0.514063 0.050000 0.087500
3 0.525781 0.867188 0.042188 0.065625
3 0.566406 0.947656 0.035937 0.060937
3 0.195312 0.756250 0.040625 0.065625
3 0.255469 0.595312 0.051562 0.081250
3 0.110937 0.971094 0.043750 0.054688
3 0.665625 0.979688 0.046875 0.040625
3 0.311719 0.546094 0.048438 0.070312
3 0.448438 0.361719 0.040625 0.064062
3 0.534375 0.941406 0.043750 0.067187
3 0.377344 0.157031 0.057813 0.092188
3 0.806250 0.482031 0.043750 0.067187
3 0.708594 0.445312 0.042188 0.068750
3 0.577344 0.405469 0.048438 0.076563
3 0.018750 0.765625 0.034375 0.071875
3 0.682813 0.928906 0.040625 0.060937
3 0.242969 0.518750 0.048438 0.068750
3 0.642969 0.425781 0.039062 0.070312
3 0.117188 0.473437 0.046875 0.075000
3 0.485156 0.372656 0.045312 0.073438
3 0.406250 0.897656 0.043750 0.070312
3 0.728906 0.704687 0.045312 0.062500
3 0.742969 0.455469 0.035937 0.060937
3 0.841406 0.494531 0.042188 0.067187
3 0.570312 0.228906 0.050000 0.082812
3 0.508594 0.203125 0.051562 0.078125
3 0.352344 0.641406 0.048438 0.070312
3 0.493750 0.446094 0.050000 0.073438
3 0.152344 0.978125 0.039062 0.043750
