3 0.487500 0.989844 0.065625 0.020313
3 0.545312 0.058594 0.062500 0.035937
3 0.499219 0.222656 0.057813 0.035937
3 0.362500 0.800000 0.062500 0.037500
3 0.462500 0.325000 0.078125 0.050000
3 0.332813 0.933594 0.062500 0.032813
3 0.018750 0.449219 0.034375 0.026562
3 0.746875 0.017969 0.065625 0.032813
3 0.364844 0.762500 0.064062 0.037500
3 0.377344 0.697656 0.067187 0.039062
3 0.479687 0.259375 0.068750 0.040625
3 0.553125 0.028125 0.062500 0.037500
3 0.499219 0.926562 0.060937 0.034375
3 0.350781 0.830469 0.064062 0.035937
3 0.573438 0.555469 0.068750 0.039062
3 0.390625 0.628125 0.078125 0.043750
3 0.634375 0.345313 0.071875 0.046875
3 0.322656 0.964063 0.070312 0.037500
3 0.532813 0.093750 0.081250 0.050000
3 0.344531 0.864062 0.064062 0.034375
3 0.537500 0.748437 0.065625 0.040625
3 0.682031 0.179688 0.079687 0.050000
3 0.732812 0.046875 0.078125 0.046875
3 0.581250 0.514062 0.081250 0.040625
3 0.557813 0.648438 0.071875 0.040625
