3 0.011719 0.879687 0.020313 0.071875
3 0.010156 0.374219 0.017188 0.042188
3 0.833594 0.408594 0.057813 0.067187
3 0.850000 0.400000 0.053125 0.065625
3 0.477344 0.017969 0.042188 0.032813
3 0.076563 0.628906 0.050000 0.067187
3 0.423438 0.190625 0.050000 0.065625
3 0.079687 0.822656 0.053125 0.070312
3 0.048438 0.646094 0.050000 0.067187
3 0.167969 0.164844 0.032813 0.067187
3 0.653906 0.325781 0.048438 0.064062
3 0.770312 0.267188 0.046875 0.065625
3 0.563281 0.379688 0.048438 0.062500
3 0.621094 0.340625 0.048438 0.065625
3 0.573438 0.104688 0.050000 0.065625
3 0.246875 0.282031 0.053125 0.076563
3 0.595313 0.364063 0.053125 0.065625
3 0.215625 0.305469 0.043750 0.057813
3 0.204687 0.164844 0.034375 0.070312
3 0.600781 0.079687 0.054688 0.065625
3 0.021094 0.664062 0.039062 0.071875
3 0.157031 0.337500 0.051562 0.075000
3 0.262500 0.096875 0.046875 0.068750
3 0.055469 0.846094 0.048438 0.064062
3 0.681250 0.305469 0.046875 0.060937
3 0.739844 0.276562 0.048438 0.068750
3 0.293750 0.702344 0.050000 0.067187
3 0.323437 0.517969 0.056250 0.073438
3 0.334375 0.682813 0.050000 0.065625
3 0.379688 0.217969 0.050000 0.067187
3 0.428125 0.635938 0.046875 0.062500
3 0.500000 0.410156 0.050000 0.070312
3 0.878125 0.382031 0.046875 0.060937
3 0.608594 0.536719 0.051562 0.060937
3 0.111719 0.808594 0.045312 0.064062
3 0.105469 0.606250 0.048438 0.065625
3 0.443750 0.448437 0.056250 0.068750
3 0.142969 0.791406 0.048438 0.070312
3 0.395313 0.039844 0.065625 0.076563
3 0.730469 0.469531 0.048438 0.060937
3 0.761719 0.450781 0.048438 0.060937
3 0.533594 0.392969 0.054688 0.067187
3 0.483594 0.157031 0.051562 0.067187
3 0.639844 0.516406 0.048438 0.064062
3 0.457031 0.176563 0.048438 0.065625
3 0.542188 0.121094 0.053125 0.067187
3 0.296875 0.082812 0.056250 0.081250
3 0.816406 0.417187 0.051562 0.065625
3 0.340625 0.235156 0.056250 0.073438
3 0.807031 0.249219 0.051562 0.067187
3 0.687500 0.928125 0.140625 0.106250
