0 0.574519 0.132212 0.081731 0.076923
0 0.605769 0.173077 0.076923 0.076923
0 0.645433 0.207933 0.074519 0.079327
0 0.674279 0.241587 0.079327 0.074519
0 0.748798 0.343750 0.079327 0.072115
0 0.763221 0.025240 0.084135 0.045673
0 0.798077 0.054087 0.081731 0.069712
0 0.782452 0.383413 0.084135 0.074519
0 0.807692 0.424279 0.081731 0.079327
0 0.837740 0.460337 0.084135 0.074519
0 0.873798 0.501202 0.084135 0.079327
0 0.907452 0.542067 0.084135 0.074519
0 0.937500 0.581731 0.081731 0.072115
0 0.961538 0.621394 0.072115 0.079327
0 0.978365 0.669471 0.043269 0.060096
0 0.867788 0.135817 0.081731 0.069712
0 0.909856 0.186298 0.074519 0.074519
0 0.948317 0.227163 0.079327 0.074519
0 0.977163 0.281250 0.040865 0.067308
0 0.909856 0.020433 0.074519 0.036058
0 0.941106 0.042067 0.079327 0.069712
0 0.960337 0.081731 0.074519 0.067308
0 0.978365 0.126202 0.038462 0.040865
3 0.355769 0.302885 0.052885 0.096154
3 0.540865 0.269231 0.096154 0.052885
3 0.406250 0.387019 0.052885 0.096154
3 0.466346 0.179087 0.076923 0.050481
