0 0.089063 0.925000 0.040625 0.115625
1 0.570312 0.916406 0.043750 0.167187
1 0.035937 0.782031 0.068750 0.057813
1 0.175781 0.531250 0.064062 0.109375
1 0.882812 0.918750 0.050000 0.162500
1 0.971875 0.960938 0.046875 0.078125
1 0.627344 0.930469 0.042188 0.139063
1 0.928125 0.958594 0.046875 0.082812
1 0.522656 0.915625 0.042188 0.168750
1 0.782031 0.960156 0.035937 0.079687
1 0.735156 0.958594 0.035937 0.082812
1 0.262500 0.522656 0.106250 0.182812
1 0.475781 0.954688 0.039062 0.090625
1 0.431250 0.956250 0.040625 0.087500
1 0.381250 0.914062 0.053125 0.165625
1 0.065625 0.429688 0.100000 0.181250
0 0.016406 0.924219 0.029687 0.123438
