3 0.674219 0.750781 0.039062 0.064062
3 0.553125 0.918750 0.040625 0.065625
3 0.842187 0.271875 0.071875 0.050000
3 0.376563 0.969531 0.040625 0.060937
3 0.603125 0.743750 0.037500 0.068750
3 0.810937 0.779687 0.034375 0.065625
3 0.454688 0.905469 0.034375 0.064062
3 0.571094 0.739844 0.039062 0.079687
3 0.502344 0.735938 0.042188 0.087500
3 0.742188 0.767969 0.040625 0.076563
3 0.253125 0.712500 0.043750 0.081250
3 0.928125 0.116406 0.040625 0.079687
3 0.333594 0.721875 0.039062 0.078125
3 0.417969 0.896875 0.039062 0.062500
3 0.478125 0.973437 0.037500 0.053125
3 0.484375 0.911719 0.037500 0.067187
3 0.947656 0.792969 0.039062 0.073438
3 0.372656 0.719531 0.039062 0.073438
3 0.707031 0.757812 0.039062 0.071875
3 0.444531 0.972656 0.029687 0.054688
3 0.382031 0.901563 0.035937 0.062500
3 0.640625 0.753125 0.037500 0.068750
3 0.153906 0.290625 0.045312 0.068750
3 0.538281 0.736719 0.042188 0.076563
3 0.882812 0.781250 0.034375 0.065625
3 0.416406 0.972656 0.029687 0.054688
