3 0.946875 0.637500 0.040625 0.062500
3 0.902344 0.562500 0.048438 0.062500
3 0.696875 0.673438 0.050000 0.056250
3 0.862500 0.582031 0.040625 0.057813
3 0.725000 0.661719 0.050000 0.060937
3 0.765625 0.726562 0.046875 0.059375
3 0.528906 0.796875 0.064062 0.071875
3 0.664844 0.709375 0.045312 0.053125
3 0.600781 0.745313 0.054688 0.059375
3 0.755469 0.641406 0.051562 0.060937
3 0.566406 0.760156 0.045312 0.051562
3 0.810156 0.712500 0.051562 0.062500
3 0.633594 0.722656 0.045312 0.054688
3 0.792188 0.620313 0.050000 0.062500
3 0.908594 0.646094 0.045312 0.067187
