3 0.870313 0.466406 0.037500 0.064062
3 0.500781 0.571094 0.042188 0.060937
3 0.969531 0.428906 0.042188 0.067187
3 0.570312 0.778125 0.040625 0.062500
3 0.889844 0.711719 0.035937 0.070312
3 0.984375 0.511719 0.031250 0.073438
3 0.229687 0.410156 0.040625 0.067187
3 0.266406 0.502344 0.039062 0.060937
3 0.607812 0.382031 0.040625 0.067187
3 0.803125 0.446875 0.040625 0.062500
3 0.878125 0.641406 0.034375 0.060937
3 0.964844 0.910937 0.039062 0.062500
3 0.822656 0.696875 0.039062 0.065625
3 0.510156 0.753125 0.039062 0.059375
3 0.630469 0.626563 0.042188 0.071875
3 0.871094 0.150781 0.048438 0.073438
3 0.501563 0.046875 0.062500 0.084375
3 0.839844 0.454688 0.042188 0.078125
3 0.985156 0.923438 0.026562 0.059375
3 0.948438 0.753125 0.034375 0.056250
3 0.404687 0.318750 0.046875 0.084375
3 0.782813 0.603906 0.040625 0.067187
3 0.844531 0.634375 0.035937 0.062500
3 0.139063 0.454688 0.040625 0.065625
3 0.575781 0.365625 0.039062 0.065625
3 0.983594 0.433594 0.029687 0.064062
3 0.791406 0.682031 0.042188 0.060937
3 0.466406 0.559375 0.045312 0.065625
3 0.685937 0.651563 0.040625 0.062500
3 0.371875 0.699219 0.037500 0.060937
3 0.835938 0.876563 0.037500 0.062500
3 0.868750 0.886719 0.040625 0.073438
3 0.306250 0.687500 0.040625 0.065625
3 0.232813 0.492969 0.043750 0.067187
3 0.980469 0.766406 0.032813 0.060937
3 0.638281 0.390625 0.039062 0.068750
3 0.660156 0.635938 0.039062 0.065625
3 0.911719 0.652344 0.039062 0.064062
3 0.945312 0.661719 0.040625 0.070312
3 0.813281 0.619531 0.042188 0.067187
3 0.566406 0.283594 0.042188 0.067187
3 0.550781 0.516406 0.042188 0.064062
3 0.406250 0.716406 0.040625 0.067187
3 0.281250 0.675000 0.037500 0.062500
3 0.929688 0.899219 0.053125 0.076563
3 0.670312 0.395313 0.043750 0.068750
3 0.856250 0.705469 0.040625 0.064062
3 0.775000 0.114062 0.050000 0.081250
3 0.713281 0.172656 0.048438 0.070312
3 0.682031 0.081250 0.048438 0.065625
3 0.439844 0.731250 0.039062 0.059375
3 0.803906 0.853906 0.048438 0.076563
3 0.931250 0.493750 0.043750 0.068750
3 0.161719 0.385156 0.042188 0.073438
3 0.538281 0.354687 0.042188 0.068750
3 0.585156 0.527344 0.042188 0.064062
3 0.599219 0.792188 0.042188 0.065625
3 0.858594 0.395313 0.042188 0.071875
3 0.369531 0.202344 0.048438 0.085938
3 0.705469 0.826562 0.039062 0.056250
3 0.194531 0.396875 0.039062 0.068750
3 0.919531 0.410156 0.039062 0.067187
3 0.832812 0.139844 0.050000 0.073438
3 0.257812 0.423438 0.034375 0.065625
3 0.469531 0.744531 0.039062 0.064062
3 0.592969 0.614844 0.045312 0.067187
3 0.321875 0.439844 0.043750 0.070312
3 0.878906 0.229687 0.045312 0.071875
3 0.331250 0.522656 0.040625 0.064062
3 0.788281 0.371094 0.045312 0.064062
3 0.767969 0.846094 0.042188 0.067187
3 0.668750 0.818750 0.040625 0.065625
3 0.726562 0.659375 0.040625 0.062500
