2 0.648438 0.469531 0.065625 0.114062
2 0.970313 0.354687 0.059375 0.115625
2 0.774219 0.471094 0.060937 0.110937
2 0.468750 0.471094 0.053125 0.107813
2 0.908594 0.468750 0.054688 0.112500
2 0.971094 0.223438 0.051562 0.109375
2 0.850000 0.467187 0.059375 0.106250
2 0.914062 0.579688 0.056250 0.109375
2 0.171094 0.367188 0.057813 0.106250
2 0.474219 0.584375 0.054688 0.103125
2 0.710938 0.580469 0.053125 0.107813
2 0.530469 0.464844 0.057813 0.110937
2 0.589844 0.465625 0.051562 0.112500
2 0.852344 0.582031 0.054688 0.120313
2 0.769531 0.582812 0.051562 0.115625
2 0.536719 0.585156 0.057813 0.110937
2 0.712500 0.349219 0.056250 0.107813
2 0.849219 0.354687 0.057813 0.112500
2 0.651563 0.583594 0.059375 0.110937
2 0.910937 0.353906 0.059375 0.110937
2 0.523438 0.356250 0.056250 0.106250
2 0.769531 0.350000 0.057813 0.103125
2 0.593750 0.584375 0.056250 0.106250
2 0.641406 0.350781 0.051562 0.098437
2 0.587500 0.349219 0.056250 0.104688
2 0.465625 0.354687 0.056250 0.106250
2 0.460156 0.233594 0.054688 0.101562
2 0.580469 0.231250 0.060937 0.103125
2 0.520312 0.228906 0.056250 0.101562
2 0.844531 0.213281 0.060937 0.101562
2 0.769531 0.213281 0.057813 0.101562
2 0.644531 0.218750 0.057813 0.100000
2 0.970313 0.470313 0.059375 0.112500
2 0.707812 0.464844 0.065625 0.114062
2 0.482812 0.718750 0.059375 0.118750
2 0.418750 0.721875 0.059375 0.118750
2 0.359375 0.725000 0.059375 0.118750
2 0.295312 0.718750 0.059375 0.118750
2 0.116406 0.703906 0.054688 0.079687
2 0.285938 0.364844 0.065625 0.104688
2 0.040625 0.267969 0.065625 0.104688
2 0.101562 0.264844 0.065625 0.104688
2 0.104688 0.378906 0.065625 0.104688
2 0.043750 0.372656 0.065625 0.104688
2 0.045312 0.485156 0.065625 0.104688
2 0.110937 0.491406 0.071875 0.110937
2 0.171875 0.486719 0.071875 0.110937
2 0.290625 0.483594 0.071875 0.110937
2 0.287500 0.597656 0.071875 0.110937
2 0.234375 0.603906 0.071875 0.110937
2 0.179688 0.597656 0.071875 0.110937
2 0.115625 0.600781 0.071875 0.110937
2 0.048438 0.603906 0.071875 0.110937
2 0.058594 0.714844 0.073438 0.110937
2 0.017969 0.715625 0.032813 0.106250
2 0.627344 0.848437 0.120313 0.068750
