3 0.423438 0.848437 0.056250 0.075000
3 0.505469 0.905469 0.045312 0.054688
3 0.587500 0.946875 0.056250 0.059375
3 0.149219 0.956250 0.060937 0.034375
3 0.153125 0.900781 0.071875 0.035937
3 0.613281 0.971875 0.057813 0.053125
3 0.153906 0.856250 0.064062 0.034375
3 0.180469 0.600781 0.057813 0.067187
3 0.535156 0.921875 0.054688 0.062500
3 0.208594 0.625000 0.054688 0.059375
3 0.461719 0.871875 0.057813 0.065625
3 0.293750 0.717969 0.046875 0.057813
3 0.155469 0.562500 0.045312 0.068750
3 0.157031 0.814844 0.067187 0.029687
3 0.391406 0.804688 0.054688 0.062500
3 0.260156 0.695312 0.054688 0.068750
3 0.658594 0.987500 0.039062 0.025000
3 0.139063 0.989062 0.068750 0.021875
