0 0.989844 0.573438 0.020313 0.040625
0 0.985156 0.531250 0.029687 0.046875
0 0.951562 0.353125 0.062500 0.040625
0 0.684375 0.652344 0.065625 0.042188
0 0.612500 0.375000 0.062500 0.040625
0 0.589844 0.290625 0.064062 0.043750
0 0.971875 0.439844 0.053125 0.045312
0 0.964844 0.392969 0.064062 0.045312
0 0.646094 0.496875 0.060937 0.040625
0 0.694531 0.694531 0.064062 0.042188
0 0.930469 0.262500 0.064062 0.043750
0 0.657031 0.530469 0.060937 0.039062
0 0.943750 0.308594 0.062500 0.042188
0 0.603906 0.338281 0.064062 0.042188
0 0.622656 0.413281 0.060937 0.042188
0 0.673438 0.611719 0.065625 0.039062
3 0.913281 0.016406 0.076563 0.029687
