1 0.169531 0.767969 0.076563 0.139063
1 0.082031 0.731250 0.107813 0.165625
1 0.222656 0.782031 0.076563 0.139063
1 0.291406 0.797656 0.076563 0.139063
1 0.349219 0.816406 0.076563 0.139063
1 0.393750 0.850000 0.093750 0.140625
1 0.432812 0.878906 0.115625 0.139063
1 0.482812 0.896094 0.106250 0.126562
1 0.635938 0.886719 0.112500 0.132812
0 0.456250 0.208594 0.062500 0.085938
0 0.504687 0.227344 0.062500 0.085938
2 0.539844 0.257812 0.079687 0.109375
2 0.585938 0.283594 0.087500 0.123438
0 0.641406 0.310937 0.073438 0.084375
2 0.228906 0.267188 0.076563 0.112500
2 0.292969 0.287500 0.076563 0.112500
2 0.342969 0.323437 0.076563 0.112500
2 0.535937 0.400781 0.106250 0.092188
2 0.592187 0.428125 0.090625 0.109375
2 0.652344 0.443750 0.085938 0.109375
2 0.696875 0.471094 0.078125 0.107813
2 0.779687 0.471875 0.084375 0.112500
2 0.828125 0.498437 0.081250 0.121875
