2 0.218750 0.640625 0.076923 0.127404
2 0.304087 0.611779 0.084135 0.122596
2 0.373798 0.591346 0.084135 0.125000
2 0.444712 0.568510 0.081731 0.127404
2 0.533654 0.538462 0.086538 0.129808
2 0.616587 0.514423 0.079327 0.129808
2 0.686298 0.492788 0.084135 0.129808
2 0.769231 0.466346 0.086538 0.129808
2 0.834135 0.447115 0.086538 0.129808
2 0.909856 0.420673 0.084135 0.125000
2 0.965144 0.399038 0.064904 0.125000
3 0.843750 0.875000 0.081731 0.129808
3 0.945913 0.830529 0.064904 0.117788
3 0.979567 0.790865 0.040865 0.100962
