0 0.900781 0.460938 0.051562 0.075000
0 0.929688 0.437500 0.053125 0.071875
0 0.457031 0.269531 0.045312 0.060937
0 0.832812 0.484375 0.053125 0.068750
0 0.660156 0.253906 0.048438 0.064062
0 0.768750 0.263281 0.043750 0.064062
0 0.804688 0.507031 0.053125 0.064062
0 0.808594 0.262500 0.042188 0.062500
0 0.254688 0.264062 0.043750 0.062500
0 0.571875 0.479687 0.046875 0.065625
0 0.378906 0.264062 0.042188 0.059375
0 0.683594 0.463281 0.051562 0.064062
0 0.569531 0.264844 0.045312 0.060937
0 0.739062 0.470313 0.053125 0.065625
0 0.615625 0.473438 0.046875 0.062500
0 0.338281 0.265625 0.045312 0.059375
0 0.503906 0.502344 0.048438 0.067187
0 0.665625 0.492188 0.050000 0.062500
0 0.618750 0.255469 0.043750 0.064062
0 0.292187 0.267969 0.043750 0.060937
0 0.498437 0.267188 0.043750 0.059375
0 0.460156 0.511719 0.045312 0.067187
0 0.417969 0.268750 0.045312 0.062500
0 0.532031 0.267188 0.042188 0.062500
0 0.884375 0.492969 0.053125 0.064062
0 0.970313 0.503906 0.053125 0.064062
