3 0.442969 0.038281 0.070312 0.042188
3 0.460156 0.078906 0.070312 0.042188
3 0.794531 0.141406 0.070312 0.042188
3 0.812500 0.185938 0.078125 0.040625
3 0.864062 0.225781 0.075000 0.045312
3 0.737500 0.292969 0.050000 0.082812
3 0.728125 0.510156 0.046875 0.070312
3 0.726562 0.611719 0.046875 0.070312
3 0.728125 0.721094 0.046875 0.070312
3 0.896094 0.896094 0.104688 0.045312
3 0.928906 0.509375 0.076563 0.050000
3 0.923438 0.551562 0.093750 0.031250
3 0.920312 0.595313 0.093750 0.031250
3 0.921875 0.646875 0.103125 0.037500
3 0.927344 0.696875 0.089063 0.034375
3 0.919531 0.735938 0.089063 0.034375
3 0.907031 0.773438 0.089063 0.034375
3 0.919531 0.815625 0.089063 0.034375
