1 0.929688 0.546094 0.118750 0.095312
1 0.987500 0.717969 0.025000 0.067187
1 0.798438 0.388281 0.090625 0.104688
1 0.977344 0.666406 0.045312 0.076563
1 0.825781 0.418750 0.110937 0.093750
1 0.960156 0.626563 0.076563 0.096875
1 0.853906 0.453125 0.107813 0.090625
1 0.947656 0.585156 0.101562 0.104688
1 0.908594 0.522656 0.110937 0.098437
1 0.882812 0.491406 0.112500 0.092188
1 0.721875 0.254688 0.118750 0.093750
1 0.693750 0.200781 0.115625 0.089063
1 0.751563 0.289062 0.118750 0.093750
1 0.554688 0.025000 0.071875 0.046875
