1 0.277344 0.982031 0.070312 0.035937
0 0.630469 0.976562 0.042188 0.046875
0 0.659375 0.969531 0.050000 0.060937
1 0.316406 0.548438 0.057813 0.084375
1 0.274219 0.572656 0.067187 0.095312
1 0.782031 0.798438 0.067187 0.081250
1 0.317969 0.974219 0.067187 0.051562
1 0.715625 0.847656 0.068750 0.076563
0 0.728906 0.946875 0.048438 0.065625
1 0.017969 0.671875 0.032813 0.093750
0 0.762500 0.927344 0.050000 0.067187
0 0.797656 0.917188 0.051562 0.068750
0 0.832031 0.898438 0.051562 0.068750
1 0.395313 0.950000 0.068750 0.087500
1 0.435156 0.032813 0.076563 0.062500
1 0.553125 0.899219 0.059375 0.076563
1 0.353906 0.532031 0.070312 0.095312
1 0.039844 0.660156 0.060937 0.089063
0 0.692187 0.960156 0.046875 0.067187
1 0.232813 0.583594 0.059375 0.092188
1 0.397656 0.610156 0.067187 0.092188
1 0.635938 0.865625 0.059375 0.075000
1 0.278125 0.660937 0.062500 0.090625
1 0.101562 0.732031 0.056250 0.089063
1 0.315625 0.650000 0.065625 0.096875
1 0.470313 0.927344 0.065625 0.082812
1 0.078125 0.640625 0.059375 0.084375
1 0.137500 0.716406 0.059375 0.095312
1 0.435937 0.594531 0.065625 0.098437
1 0.594531 0.882812 0.060937 0.078125
1 0.185156 0.699219 0.064062 0.092188
1 0.238281 0.678125 0.067187 0.093750
1 0.150781 0.612500 0.067187 0.090625
1 0.357031 0.630469 0.067187 0.095312
1 0.117188 0.627344 0.062500 0.089063
1 0.358594 0.960938 0.067187 0.078125
1 0.430469 0.938281 0.060937 0.082812
1 0.510938 0.913281 0.062500 0.079687
1 0.428125 0.487500 0.065625 0.093750
0 0.596094 0.982812 0.039062 0.034375
0 0.416406 0.210156 0.051562 0.070312
0 0.014063 0.382031 0.025000 0.067187
0 0.015625 0.285156 0.028125 0.070312
0 0.035937 0.371094 0.043750 0.070312
0 0.042188 0.280469 0.043750 0.070312
0 0.065625 0.360156 0.043750 0.070312
0 0.095312 0.346094 0.043750 0.070312
0 0.135937 0.327344 0.043750 0.070312
0 0.168750 0.316406 0.043750 0.070312
0 0.204687 0.297656 0.043750 0.070312
0 0.239063 0.283594 0.043750 0.070312
0 0.271875 0.271094 0.043750 0.070312
0 0.306250 0.255469 0.043750 0.070312
0 0.342187 0.242969 0.043750 0.070312
0 0.368750 0.224219 0.043750 0.070312
0 0.071875 0.272656 0.043750 0.070312
0 0.100000 0.261719 0.043750 0.070312
0 0.132812 0.246094 0.043750 0.070312
0 0.165625 0.232031 0.043750 0.070312
0 0.195312 0.222656 0.043750 0.070312
0 0.235937 0.203906 0.043750 0.070312
0 0.267188 0.192969 0.043750 0.070312
0 0.298438 0.178906 0.043750 0.070312
0 0.334375 0.163281 0.043750 0.070312
0 0.364063 0.149219 0.043750 0.070312
