3 0.114844 0.493750 0.048438 0.059375
3 0.050000 0.450781 0.053125 0.054688
3 0.982812 0.659375 0.034375 0.068750
3 0.639062 0.989844 0.065625 0.020313
3 0.013281 0.407813 0.023438 0.062500
3 0.247656 0.590625 0.051562 0.056250
3 0.882812 0.552344 0.059375 0.070312
3 0.959375 0.616406 0.059375 0.064062
3 0.082812 0.468750 0.050000 0.053125
3 0.139063 0.505469 0.053125 0.057813
3 0.900000 0.571875 0.062500 0.068750
3 0.801562 0.238281 0.068750 0.054688
3 0.374219 0.895312 0.073438 0.062500
3 0.192969 0.549219 0.051562 0.057813
3 0.558594 0.957812 0.054688 0.062500
3 0.407031 0.839063 0.067187 0.059375
3 0.216406 0.568750 0.051562 0.056250
3 0.853906 0.534375 0.064062 0.068750
3 0.392188 0.873437 0.068750 0.056250
3 0.933594 0.592969 0.060937 0.067187
3 0.267188 0.604688 0.056250 0.062500
3 0.447656 0.782813 0.067187 0.056250
3 0.427344 0.814063 0.067187 0.053125
3 0.329688 0.643750 0.062500 0.075000
3 0.586719 0.970313 0.051562 0.059375
