3 0.661719 0.355469 0.054688 0.064062
3 0.632812 0.157031 0.037500 0.070312
3 0.746094 0.846875 0.035937 0.056250
2 0.809375 0.826562 0.043750 0.075000
3 0.596875 0.164844 0.034375 0.070312
3 0.477344 0.398438 0.057813 0.068750
3 0.700781 0.856250 0.032813 0.059375
3 0.554688 0.898438 0.046875 0.087500
3 0.512500 0.387500 0.056250 0.071875
3 0.077344 0.121094 0.064062 0.035937
3 0.106250 0.239063 0.068750 0.043750
3 0.389062 0.222656 0.043750 0.067187
3 0.668750 0.144531 0.037500 0.073438
3 0.975000 0.779687 0.034375 0.062500
3 0.660937 0.867969 0.037500 0.070312
3 0.555469 0.172656 0.039062 0.070312
3 0.068750 0.084375 0.075000 0.040625
3 0.100781 0.193750 0.060937 0.040625
