3 0.857812 0.710938 0.037500 0.068750
3 0.744531 0.622656 0.042188 0.060937
3 0.796094 0.631250 0.039062 0.056250
3 0.683594 0.612500 0.032813 0.065625
3 0.930469 0.716406 0.035937 0.064062
3 0.918750 0.467969 0.040625 0.064062
3 0.989844 0.733594 0.020313 0.073438
3 0.964844 0.724219 0.042188 0.064062
3 0.724219 0.620313 0.035937 0.059375
3 0.870313 0.638281 0.037500 0.064062
3 0.798438 0.459375 0.037500 0.062500
3 0.988281 0.898438 0.023438 0.056250
3 0.821094 0.707812 0.042188 0.075000
3 0.587500 0.685937 0.037500 0.059375
3 0.896094 0.712500 0.039062 0.068750
3 0.622656 0.441406 0.042188 0.064062
3 0.622656 0.690625 0.032813 0.062500
3 0.506250 0.428906 0.040625 0.076563
3 0.876563 0.467187 0.040625 0.062500
3 0.549219 0.427344 0.032813 0.057813
3 0.834375 0.631250 0.034375 0.059375
3 0.753906 0.699219 0.035937 0.064062
3 0.520312 0.586719 0.046875 0.076563
3 0.763281 0.628906 0.035937 0.057813
3 0.655469 0.689063 0.035937 0.065625
3 0.871875 0.953125 0.037500 0.065625
3 0.692187 0.690625 0.034375 0.062500
3 0.518750 0.673438 0.031250 0.059375
3 0.985938 0.475000 0.028125 0.053125
3 0.787500 0.700000 0.037500 0.059375
3 0.733594 0.447656 0.035937 0.060937
3 0.554688 0.607031 0.034375 0.067187
3 0.595313 0.836719 0.043750 0.079687
3 0.959375 0.473438 0.037500 0.059375
3 0.554688 0.679688 0.034375 0.059375
3 0.594531 0.613281 0.032813 0.064062
3 0.695312 0.858594 0.046875 0.082812
3 0.764062 0.450000 0.034375 0.059375
3 0.721875 0.693750 0.034375 0.062500
3 0.836719 0.464844 0.039062 0.060937
3 0.801562 0.953906 0.040625 0.073438
3 0.962500 0.895312 0.034375 0.062500
3 0.642188 0.614062 0.034375 0.065625
3 0.696875 0.445312 0.034375 0.062500
3 0.841406 0.946094 0.039062 0.064062
3 0.660156 0.442188 0.039062 0.065625
3 0.588281 0.428125 0.032813 0.059375
3 0.478906 0.421875 0.039062 0.065625
3 0.907813 0.639844 0.037500 0.064062
