3 0.439844 0.410156 0.048438 0.070312
1 0.204687 0.471094 0.078125 0.126562
3 0.679688 0.013281 0.078125 0.023438
3 0.775781 0.035937 0.079687 0.053125
1 0.117969 0.443750 0.060937 0.100000
3 0.333594 0.357812 0.048438 0.068750
1 0.160938 0.464062 0.059375 0.100000
3 0.347656 0.023438 0.076563 0.043750
3 0.682031 0.160938 0.070312 0.046875
3 0.543750 0.097656 0.078125 0.051562
1 0.066406 0.424219 0.064062 0.098437
3 0.550000 0.242188 0.050000 0.071875
3 0.291406 0.139063 0.054688 0.068750
3 0.364063 0.378125 0.053125 0.078125
3 0.435937 0.057031 0.084375 0.054688
3 0.557813 0.448437 0.050000 0.068750
3 0.517969 0.232031 0.048438 0.070312
3 0.300781 0.346875 0.045312 0.065625
3 0.479687 0.421875 0.053125 0.081250
3 0.480469 0.213281 0.051562 0.067187
3 0.697656 0.306250 0.057813 0.078125
3 0.743750 0.327344 0.056250 0.076563
3 0.403906 0.392969 0.051562 0.073438
3 0.636719 0.471875 0.060937 0.084375
3 0.223438 0.312500 0.046875 0.062500
3 0.587500 0.266406 0.053125 0.076563
3 0.153906 0.282813 0.054688 0.081250
3 0.404687 0.182812 0.050000 0.068750
3 0.144531 0.082812 0.054688 0.075000
3 0.364063 0.169531 0.050000 0.070312
4 0.248438 0.632812 0.084375 0.118750
