2 0.097656 0.096094 0.076563 0.098437
2 0.386719 0.735938 0.070312 0.090625
1 0.582031 0.225781 0.079687 0.095312
2 0.057813 0.191406 0.071875 0.095312
2 0.186719 0.546094 0.070312 0.098437
2 0.378906 0.186719 0.098437 0.073438
2 0.310937 0.902344 0.075000 0.098437
2 0.321875 0.282813 0.071875 0.093750
2 0.260937 0.439063 0.071875 0.093750
2 0.217188 0.860938 0.071875 0.096875
3 0.700000 0.126562 0.096875 0.071875
2 0.150781 0.639844 0.070312 0.098437
2 0.111719 0.717969 0.070312 0.098437
2 0.071094 0.799219 0.070312 0.098437
3 0.857031 0.457813 0.054688 0.093750
4 0.728906 0.682813 0.129688 0.165625
