4 0.953125 0.942187 0.071875 0.096875
2 0.023438 0.978125 0.043750 0.043750
2 0.036719 0.934375 0.070312 0.071875
1 0.765625 0.655469 0.100000 0.135937
2 0.448437 0.134375 0.090625 0.065625
2 0.057031 0.880469 0.089063 0.070312
2 0.279687 0.451562 0.087500 0.068750
2 0.083594 0.826562 0.095312 0.071875
2 0.421875 0.187500 0.090625 0.068750
2 0.225781 0.561719 0.085938 0.070312
2 0.254688 0.508594 0.087500 0.067187
1 0.910937 0.721094 0.118750 0.157812
1 0.813281 0.683594 0.095312 0.148438
1 0.355469 0.913281 0.110937 0.154688
2 0.168750 0.668750 0.093750 0.068750
2 0.196094 0.617969 0.089063 0.064062
2 0.310937 0.400781 0.090625 0.067187
2 0.114844 0.773438 0.089063 0.068750
2 0.394531 0.241406 0.089063 0.067187
2 0.367969 0.295312 0.092188 0.065625
2 0.140625 0.723437 0.090625 0.068750
2 0.339844 0.348438 0.089063 0.065625
