3 0.936719 0.440625 0.039062 0.059375
3 0.132031 0.608594 0.067187 0.042188
3 0.233594 0.431250 0.064062 0.043750
3 0.751562 0.602344 0.037500 0.060937
3 0.241406 0.457812 0.064062 0.043750
3 0.014844 0.811719 0.029687 0.076563
3 0.983594 0.604688 0.029687 0.062500
3 0.900781 0.444531 0.032813 0.064062
3 0.081250 0.472656 0.084375 0.051562
3 0.151562 0.679688 0.059375 0.040625
3 0.213281 0.396094 0.070312 0.048438
3 0.157031 0.707031 0.060937 0.039062
3 0.142188 0.642187 0.071875 0.043750
3 0.253906 0.494531 0.067187 0.045312
3 0.166406 0.743750 0.070312 0.043750
3 0.807031 0.371094 0.035937 0.070312
