0 0.373437 0.370312 0.056250 0.084375
0 0.407813 0.358594 0.056250 0.079687
0 0.957031 0.064062 0.048438 0.071875
0 0.890625 0.090625 0.050000 0.068750
0 0.982812 0.053125 0.034375 0.065625
0 0.343750 0.302344 0.046875 0.064062
0 0.378125 0.286719 0.046875 0.067187
0 0.835156 0.213281 0.048438 0.070312
0 0.922656 0.079687 0.045312 0.065625
0 0.857031 0.100781 0.048438 0.070312
0 0.652344 0.273438 0.045312 0.068750
0 0.783594 0.128906 0.048438 0.064062
1 0.973437 0.417969 0.053125 0.120313
0 0.866406 0.202344 0.051562 0.067187
0 0.818750 0.120313 0.046875 0.065625
0 0.900000 0.183594 0.050000 0.067187
0 0.755469 0.144531 0.045312 0.067187
0 0.687500 0.169531 0.043750 0.064062
0 0.580469 0.294531 0.048438 0.067187
0 0.757812 0.238281 0.050000 0.070312
0 0.686719 0.262500 0.048438 0.071875
0 0.721094 0.248438 0.045312 0.068750
0 0.717187 0.154688 0.046875 0.065625
0 0.581250 0.207813 0.043750 0.062500
0 0.652344 0.184375 0.042188 0.062500
0 0.544531 0.222656 0.045312 0.064062
0 0.614844 0.285156 0.048438 0.067187
0 0.441406 0.263281 0.045312 0.064062
0 0.478906 0.248438 0.045312 0.062500
0 0.408594 0.271875 0.042188 0.062500
0 0.615625 0.196875 0.043750 0.062500
1 0.947656 0.432031 0.064062 0.123438
