3 0.826562 0.596094 0.056250 0.048438
3 0.235937 0.228125 0.062500 0.056250
3 0.782813 0.525781 0.056250 0.048438
3 0.804688 0.624219 0.059375 0.048438
3 0.688281 0.406250 0.060937 0.053125
3 0.680469 0.189062 0.064062 0.065625
3 0.342969 0.092188 0.060937 0.056250
3 0.784375 0.653125 0.059375 0.050000
3 0.728906 0.239063 0.064062 0.059375
3 0.878906 0.951562 0.054688 0.075000
3 0.641406 0.460938 0.060937 0.056250
3 0.765625 0.682031 0.062500 0.051562
3 0.356250 0.460938 0.062500 0.056250
3 0.068750 0.667188 0.050000 0.071875
3 0.292187 0.145313 0.062500 0.059375
3 0.558594 0.835938 0.054688 0.075000
