3 0.348438 0.570312 0.065625 0.034375
3 0.496094 0.816406 0.064062 0.035937
3 0.278125 0.518750 0.075000 0.040625
3 0.484375 0.887500 0.062500 0.037500
3 0.606250 0.134375 0.062500 0.034375
3 0.366406 0.464062 0.060937 0.031250
3 0.551562 0.471875 0.062500 0.034375
3 0.036719 0.554688 0.067187 0.040625
3 0.303906 0.806250 0.070312 0.037500
3 0.360938 0.496094 0.062500 0.035937
3 0.052344 0.481250 0.064062 0.034375
3 0.664844 0.846094 0.064062 0.032813
3 0.691406 0.709375 0.070312 0.037500
3 0.530469 0.575781 0.057813 0.032813
3 0.447656 0.024219 0.064062 0.039062
3 0.642969 0.950000 0.067187 0.034375
3 0.597656 0.203906 0.079687 0.039062
3 0.670312 0.774219 0.065625 0.039062
3 0.425000 0.129688 0.065625 0.034375
3 0.026562 0.654687 0.050000 0.037500
3 0.566406 0.403906 0.067187 0.035937
3 0.467187 0.980469 0.075000 0.035937
3 0.657813 0.878906 0.065625 0.035937
3 0.731250 0.477344 0.065625 0.035937
3 0.411719 0.227344 0.060937 0.035937
3 0.685156 0.742188 0.064062 0.037500
3 0.507031 0.750781 0.060937 0.032813
3 0.252344 0.693750 0.067187 0.037500
3 0.767188 0.203125 0.087500 0.043750
3 0.658594 0.914062 0.067187 0.037500
3 0.557031 0.439063 0.060937 0.034375
3 0.520312 0.677344 0.068750 0.035937
3 0.389062 0.358594 0.075000 0.039062
3 0.591406 0.234375 0.079687 0.037500
3 0.598437 0.621094 0.056250 0.060937
3 0.573438 0.371094 0.075000 0.042188
3 0.746875 0.403125 0.071875 0.034375
3 0.317188 0.738281 0.071875 0.042188
3 0.749219 0.302344 0.067187 0.035937
3 0.526563 0.642969 0.062500 0.039062
3 0.515625 0.711719 0.062500 0.035937
3 0.764844 0.268750 0.070312 0.037500
3 0.692187 0.672656 0.059375 0.035937
3 0.232813 0.759375 0.071875 0.040625
3 0.483594 0.920312 0.067187 0.034375
3 0.721875 0.506250 0.062500 0.034375
3 0.032031 0.583594 0.060937 0.035937
3 0.345313 0.606250 0.062500 0.034375
3 0.578125 0.302344 0.065625 0.035937
3 0.601562 0.164844 0.065625 0.032813
3 0.654687 0.806250 0.078125 0.040625
3 0.544531 0.507812 0.067187 0.037500
3 0.043750 0.513281 0.071875 0.039062
3 0.730469 0.441406 0.067187 0.032813
3 0.353125 0.532031 0.068750 0.039062
3 0.105469 0.423438 0.064062 0.034375
3 0.015625 0.789844 0.028125 0.035937
