3 0.262500 0.867969 0.062500 0.029687
3 0.262500 0.968750 0.056250 0.031250
3 0.627344 0.972656 0.035937 0.054688
3 0.776563 0.739062 0.037500 0.065625
3 0.517969 0.976562 0.042188 0.046875
3 0.553125 0.912500 0.034375 0.071875
3 0.701563 0.967969 0.037500 0.064062
3 0.508594 0.757031 0.042188 0.064062
3 0.406250 0.767969 0.034375 0.064062
3 0.258594 0.900000 0.067187 0.031250
3 0.960938 0.925781 0.040625 0.064062
3 0.260156 0.934375 0.067187 0.025000
3 0.431250 0.977344 0.043750 0.045312
3 0.428125 0.920313 0.043750 0.081250
3 0.928125 0.711719 0.043750 0.067187
3 0.586719 0.975000 0.035937 0.050000
3 0.439063 0.788281 0.043750 0.060937
3 0.614062 0.752344 0.034375 0.060937
3 0.585938 0.913281 0.034375 0.070312
3 0.803906 0.882031 0.035937 0.064062
3 0.742188 0.964844 0.037500 0.070312
3 0.812500 0.738281 0.037500 0.067187
3 0.853906 0.728125 0.035937 0.059375
3 0.374219 0.760938 0.035937 0.068750
3 0.744531 0.743750 0.035937 0.068750
3 0.767969 0.888281 0.035937 0.067187
3 0.474219 0.920313 0.035937 0.065625
3 0.678906 0.750781 0.035937 0.067187
3 0.476562 0.976562 0.037500 0.046875
3 0.660937 0.967969 0.034375 0.064062
3 0.542969 0.754687 0.042188 0.071875
3 0.509375 0.916406 0.037500 0.067187
3 0.271094 0.831250 0.070312 0.031250
3 0.694531 0.899219 0.039062 0.067187
3 0.882031 0.871875 0.039062 0.068750
3 0.839844 0.878906 0.035937 0.067187
