3 0.939844 0.992188 0.045312 0.015625
3 0.600781 0.746875 0.057813 0.071875
3 0.717187 0.832812 0.062500 0.059375
3 0.742969 0.854688 0.064062 0.059375
3 0.186719 0.772656 0.048438 0.051562
3 0.755469 0.453906 0.039062 0.064062
3 0.578125 0.455469 0.034375 0.070312
3 0.608594 0.459375 0.035937 0.065625
3 0.782031 0.451562 0.032813 0.062500
3 0.544531 0.681250 0.054688 0.056250
3 0.410156 0.466406 0.039062 0.064062
3 0.694531 0.812500 0.067187 0.065625
3 0.546875 0.925000 0.059375 0.059375
3 0.818750 0.452344 0.037500 0.064062
3 0.715625 0.456250 0.034375 0.065625
3 0.622656 0.978906 0.057813 0.042188
3 0.875000 0.969531 0.062500 0.057813
3 0.589844 0.722656 0.060937 0.067187
3 0.817187 0.287500 0.037500 0.068750
3 0.578906 0.943750 0.060937 0.059375
3 0.537500 0.282813 0.034375 0.059375
