1 0.464062 0.099219 0.315625 0.195312
1 0.493750 0.146094 0.315625 0.207813
1 0.534375 0.211719 0.315625 0.207813
1 0.554688 0.272656 0.315625 0.207813
1 0.595313 0.328906 0.315625 0.207813
1 0.610938 0.389844 0.315625 0.207813
1 0.650000 0.447656 0.315625 0.207813
1 0.678125 0.502344 0.315625 0.207813
1 0.703125 0.571094 0.315625 0.207813
1 0.745313 0.627344 0.315625 0.207813
1 0.773438 0.683594 0.315625 0.207813
1 0.803125 0.735156 0.315625 0.207813
1 0.835938 0.807031 0.315625 0.207813
1 0.857031 0.876563 0.285938 0.206250
1 0.872656 0.926562 0.254688 0.146875
