3 0.765625 0.007812 0.046875 0.012500
3 0.501563 0.313281 0.059375 0.045312
3 0.371875 0.072656 0.065625 0.070312
0 0.221094 0.930469 0.039062 0.073438
0 0.414844 0.975781 0.079687 0.035937
0 0.103906 0.875000 0.085938 0.037500
0 0.464844 0.737500 0.035937 0.068750
3 0.297656 0.028906 0.060937 0.054688
3 0.428125 0.098437 0.062500 0.068750
0 0.413281 0.733594 0.032813 0.067187
3 0.419531 0.252344 0.076563 0.064062
3 0.325781 0.185156 0.073438 0.067187
0 0.103906 0.967969 0.076563 0.032813
3 0.336719 0.053125 0.060937 0.065625
3 0.204687 0.128906 0.053125 0.070312
0 0.199219 0.428125 0.070312 0.050000
0 0.317969 0.498437 0.070312 0.050000
