2 0.190625 0.395312 0.062500 0.093750
2 0.240625 0.406250 0.062500 0.093750
2 0.275000 0.426562 0.062500 0.093750
2 0.325000 0.435937 0.062500 0.093750
2 0.367187 0.451562 0.062500 0.093750
2 0.428125 0.464062 0.062500 0.093750
2 0.504687 0.492187 0.062500 0.093750
2 0.562500 0.503125 0.062500 0.093750
2 0.582812 0.723437 0.062500 0.093750
2 0.639062 0.732812 0.062500 0.093750
2 0.696875 0.737500 0.062500 0.093750
2 0.790625 0.751562 0.062500 0.093750
2 0.721875 0.982812 0.050000 0.034375
2 0.632031 0.975000 0.048437 0.050000
2 0.549219 0.967187 0.048437 0.065625
2 0.468750 0.958594 0.053125 0.082812
2 0.432810 0.681250 0.062500 0.093750
2 0.348437 0.676562 0.062500 0.093750
2 0.264062 0.650000 0.062500 0.093750
2 0.195312 0.643750 0.062500 0.093750
2 0.121875 0.634375 0.062500 0.093750
2 0.068750 0.623437 0.062500 0.093750
2 0.025000 0.855469 0.046875 0.092187
2 0.105469 0.878906 0.054687 0.092187
2 0.174219 0.892969 0.054687 0.092187
2 0.260156 0.889844 0.054687 0.092187
2 0.341406 0.885156 0.054687 0.092187
2 0.383594 0.942969 0.054687 0.092187
1 0.500781 0.710156 0.079687 0.148437
4 0.933594 0.819531 0.082812 0.145312
