3 0.432812 0.163281 0.050000 0.032813
3 0.989062 0.103125 0.021875 0.046875
3 0.661719 0.888281 0.045312 0.067187
3 0.468750 0.652344 0.065625 0.035937
3 0.749219 0.617969 0.060937 0.039062
3 0.433594 0.197656 0.057813 0.032813
3 0.435937 0.272656 0.059375 0.029687
3 0.981250 0.392188 0.037500 0.037500
3 0.566406 0.955469 0.064062 0.045312
3 0.497656 0.755469 0.067187 0.048438
3 0.434375 0.304688 0.059375 0.034375
3 0.458594 0.578125 0.070312 0.040625
3 0.501563 0.775781 0.065625 0.042188
3 0.586719 0.980469 0.064062 0.035937
3 0.908594 0.515625 0.060937 0.034375
3 0.711719 0.829688 0.064062 0.040625
3 0.435937 0.234375 0.062500 0.031250
3 0.658594 0.695312 0.060937 0.040625
3 0.892188 0.980469 0.059375 0.035937
3 0.719531 0.413281 0.067187 0.039062
3 0.798438 0.782031 0.065625 0.045312
3 0.437500 0.403906 0.062500 0.035937
3 0.678906 0.762500 0.064062 0.043750
3 0.717187 0.339844 0.062500 0.035937
3 0.552344 0.925000 0.064062 0.043750
3 0.750000 0.058594 0.087500 0.051562
3 0.430469 0.337500 0.060937 0.028125
3 0.871875 0.953906 0.065625 0.054688
3 0.448437 0.478906 0.065625 0.032813
3 0.885156 0.367188 0.064062 0.034375
3 0.483594 0.714063 0.064062 0.037500
3 0.444531 0.511719 0.070312 0.035937
3 0.720313 0.479687 0.062500 0.034375
3 0.630469 0.558594 0.064062 0.039062
3 0.439844 0.442969 0.064062 0.032813
3 0.475000 0.682813 0.065625 0.037500
3 0.514844 0.816406 0.067187 0.045312
3 0.539844 0.885938 0.064062 0.043750
3 0.622656 0.068750 0.076563 0.043750
3 0.536719 0.847656 0.067187 0.045312
3 0.772656 0.960938 0.064062 0.040625
3 0.880469 0.221875 0.064062 0.034375
