4 0.566406 0.290625 0.142187 0.106250
4 0.616406 0.442969 0.135937 0.114062
4 0.739062 0.618750 0.193750 0.115625
4 0.597656 0.364063 0.139063 0.112500
4 0.639844 0.496094 0.135937 0.120313
4 0.682031 0.564063 0.145313 0.115625
4 0.869531 0.641406 0.139063 0.098437
2 0.638281 0.112500 0.120313 0.093750
2 0.607812 0.055469 0.121875 0.092188
4 0.697656 0.225000 0.142187 0.100000
4 0.760938 0.373437 0.140625 0.106250
4 0.785937 0.435937 0.146875 0.109375
4 0.820312 0.489844 0.143750 0.114062
4 0.860938 0.557031 0.146875 0.110937
