3 0.349219 0.046094 0.057813 0.048438
3 0.410937 0.142969 0.062500 0.057813
3 0.532031 0.300781 0.057813 0.054688
3 0.332031 0.023438 0.057813 0.037500
3 0.160156 0.053906 0.060937 0.048438
3 0.392188 0.105469 0.062500 0.054688
3 0.146094 0.018750 0.067187 0.037500
3 0.507812 0.279687 0.059375 0.056250
3 0.488281 0.248437 0.060937 0.056250
3 0.576563 0.355469 0.059375 0.054688
3 0.372656 0.078906 0.060937 0.054688
3 0.467187 0.224219 0.059375 0.054688
3 0.175000 0.080469 0.065625 0.051562
3 0.196094 0.114844 0.064062 0.054688
3 0.425000 0.169531 0.059375 0.054688
3 0.553906 0.332812 0.060937 0.056250
