3 0.710156 0.391406 0.057813 0.051562
3 0.898438 0.223438 0.071875 0.056250
1 0.029687 0.962500 0.056250 0.075000
0 0.650000 0.628906 0.050000 0.064062
3 0.910937 0.740625 0.065625 0.059375
3 0.939844 0.300781 0.057813 0.045312
3 0.734375 0.429688 0.059375 0.046875
3 0.850000 0.617188 0.062500 0.050000
3 0.750781 0.481250 0.070312 0.059375
3 0.830469 0.557031 0.064062 0.048438
0 0.090625 0.198437 0.050000 0.062500
3 0.917188 0.261719 0.062500 0.048438
0 0.614062 0.644531 0.050000 0.067187
1 0.155469 0.891406 0.079687 0.101562
0 0.418750 0.444531 0.053125 0.064062
3 0.889062 0.696875 0.068750 0.056250
0 0.388281 0.465625 0.051562 0.065625
1 0.110937 0.921875 0.075000 0.103125
0 0.151562 0.246094 0.075000 0.060937
