3 0.471094 0.018750 0.070312 0.034375
3 0.380469 0.603906 0.070312 0.039062
3 0.310937 0.358594 0.068750 0.048438
3 0.300781 0.390625 0.060937 0.043750
3 0.140625 0.732031 0.065625 0.045312
3 0.446094 0.079687 0.070312 0.040625
3 0.215625 0.572656 0.068750 0.048438
3 0.432031 0.508594 0.060937 0.045312
3 0.456250 0.042969 0.078125 0.048438
3 0.489062 0.378125 0.059375 0.053125
3 0.255469 0.482031 0.067187 0.045312
3 0.449219 0.477344 0.060937 0.039062
3 0.357812 0.264062 0.065625 0.046875
3 0.319531 0.325000 0.060937 0.043750
3 0.271094 0.450000 0.057813 0.040625
3 0.402344 0.167187 0.073438 0.056250
3 0.517969 0.310156 0.064062 0.048438
3 0.285937 0.417188 0.062500 0.050000
3 0.077344 0.865625 0.057813 0.043750
3 0.426562 0.106250 0.075000 0.050000
3 0.385156 0.197656 0.064062 0.045312
3 0.115625 0.795313 0.065625 0.046875
3 0.578906 0.185156 0.060937 0.045312
3 0.230469 0.546094 0.073438 0.057813
3 0.605469 0.126563 0.060937 0.046875
3 0.102344 0.829687 0.067187 0.043750
3 0.266406 0.871875 0.070312 0.046875
3 0.372656 0.230469 0.067187 0.045312
3 0.203906 0.608594 0.073438 0.048438
3 0.564062 0.215625 0.062500 0.043750
3 0.152344 0.703125 0.064062 0.050000
3 0.291406 0.803906 0.060937 0.045312
3 0.543750 0.248437 0.075000 0.050000
3 0.278906 0.836719 0.060937 0.045312
3 0.400000 0.568750 0.062500 0.046875
