2 0.778906 0.490625 0.120313 0.053125
2 0.313281 0.321094 0.114062 0.057813
2 0.667188 0.380469 0.115625 0.054688
2 0.317969 0.213281 0.110937 0.057813
2 0.315625 0.266406 0.109375 0.048438
2 0.429688 0.106250 0.115625 0.053125
2 0.667969 0.156250 0.107813 0.056250
2 0.424219 0.707031 0.117188 0.054688
2 0.775781 0.380469 0.110937 0.051562
2 0.782813 0.157031 0.118750 0.054688
2 0.196875 0.707812 0.109375 0.056250
2 0.668750 0.107031 0.103125 0.048438
2 0.080469 0.429688 0.107813 0.056250
2 0.203906 0.322656 0.110937 0.054688
2 0.779687 0.431250 0.109375 0.053125
2 0.430469 0.653906 0.107813 0.051562
2 0.198437 0.101562 0.109375 0.056250
2 0.203125 0.264844 0.109375 0.054688
2 0.085156 0.212500 0.114062 0.056250
2 0.205469 0.157812 0.110937 0.056250
2 0.307812 0.707812 0.112500 0.056250
2 0.432812 0.433594 0.115625 0.054688
2 0.316406 0.435156 0.117188 0.057813
2 0.432031 0.153906 0.110937 0.054688
2 0.547656 0.434375 0.114062 0.053125
2 0.202344 0.488281 0.114062 0.054688
2 0.432031 0.488281 0.114062 0.057813
2 0.204687 0.212500 0.112500 0.056250
2 0.201563 0.381250 0.112500 0.053125
2 0.433594 0.596875 0.120313 0.053125
2 0.310937 0.542188 0.109375 0.056250
2 0.200000 0.433594 0.109375 0.051562
2 0.316406 0.487500 0.117188 0.056250
2 0.087500 0.050000 0.109375 0.056250
2 0.204687 0.048438 0.109375 0.056250
2 0.315625 0.042188 0.109375 0.056250
2 0.432812 0.045312 0.109375 0.056250
2 0.546875 0.050000 0.109375 0.056250
2 0.665625 0.056250 0.109375 0.056250
2 0.545312 0.106250 0.109375 0.056250
2 0.317188 0.106250 0.109375 0.056250
2 0.085938 0.159375 0.109375 0.056250
2 0.546094 0.163281 0.110937 0.054688
2 0.544531 0.215625 0.110937 0.056250
2 0.547656 0.269531 0.110937 0.054688
2 0.669531 0.274219 0.110937 0.054688
2 0.547656 0.383594 0.110937 0.054688
2 0.435156 0.380469 0.110937 0.054688
2 0.433594 0.322656 0.110937 0.054688
2 0.433594 0.271094 0.110937 0.054688
2 0.432031 0.213281 0.110937 0.054688
2 0.085156 0.379688 0.114062 0.056250
2 0.082031 0.489063 0.114062 0.056250
2 0.077344 0.540625 0.114062 0.056250
2 0.194531 0.543750 0.114062 0.056250
2 0.542969 0.489844 0.114062 0.057813
2 0.666406 0.489844 0.114062 0.057813
2 0.664844 0.439844 0.114062 0.057813
2 0.905469 0.378906 0.110937 0.051562
2 0.907031 0.433594 0.110937 0.051562
2 0.895312 0.158594 0.118750 0.054688
2 0.549219 0.600000 0.120313 0.053125
2 0.663281 0.600000 0.120313 0.053125
2 0.775781 0.606250 0.120313 0.053125
2 0.661719 0.657031 0.120313 0.054688
2 0.671094 0.716406 0.110937 0.057813
2 0.547656 0.710156 0.120313 0.054688
2 0.541406 0.653906 0.120313 0.054688
2 0.311719 0.649219 0.107813 0.051562
2 0.203906 0.649219 0.107813 0.051562
2 0.089844 0.647656 0.107813 0.051562
2 0.083594 0.702344 0.114062 0.054688
4 0.976562 0.967187 0.046875 0.065625
