2 0.515625 0.020313 0.050000 0.037500
1 0.202344 0.235156 0.079687 0.085938
2 0.837500 0.981250 0.075000 0.037500
1 0.174219 0.267188 0.070312 0.078125
2 0.986719 0.712500 0.026562 0.112500
1 0.105469 0.323437 0.082812 0.081250
2 0.856250 0.892188 0.065625 0.062500
2 0.880469 0.963281 0.079687 0.070312
1 0.068750 0.342187 0.078125 0.081250
1 0.971875 0.442188 0.053125 0.062500
1 0.137500 0.291406 0.078125 0.079687
2 0.956250 0.914844 0.068750 0.082812
1 0.961719 0.400000 0.067187 0.065625
2 0.963281 0.771094 0.067187 0.120313
1 0.723437 0.075781 0.125000 0.067187
1 0.910937 0.498437 0.075000 0.065625
2 0.344531 0.117969 0.070312 0.082812
2 0.416406 0.054688 0.067187 0.081250
2 0.246875 0.182031 0.068750 0.079687
1 0.640625 0.156250 0.128125 0.059375
2 0.382031 0.080469 0.076563 0.089063
2 0.288281 0.147656 0.073438 0.092188
1 0.666406 0.103906 0.129688 0.073438
1 0.840625 0.268750 0.112500 0.093750
1 0.589063 0.219531 0.115625 0.064062
1 0.889844 0.460938 0.076563 0.068750
1 0.021875 0.093750 0.040625 0.084375
1 0.037500 0.057031 0.071875 0.110937
1 0.070312 0.047656 0.078125 0.092188
1 0.108594 0.032813 0.067187 0.062500
1 0.144531 0.019531 0.057813 0.035937
