2 0.935156 0.196094 0.070312 0.114062
2 0.887500 0.971875 0.053125 0.056250
2 0.984375 0.460156 0.031250 0.110937
2 0.370312 0.978906 0.053125 0.042188
2 0.881250 0.182812 0.071875 0.131250
2 0.497656 0.619531 0.060937 0.104688
2 0.943750 0.971875 0.059375 0.053125
2 0.848437 0.332813 0.065625 0.115625
2 0.828906 0.979688 0.060937 0.040625
2 0.427344 0.978125 0.057813 0.043750
2 0.704688 0.981250 0.053125 0.037500
2 0.768750 0.980469 0.056250 0.039062
2 0.482031 0.978906 0.057813 0.042188
2 0.595313 0.982031 0.059375 0.035937
2 0.647656 0.982812 0.064062 0.034375
0 0.169531 0.540625 0.076563 0.071875
2 0.536719 0.981250 0.060937 0.037500
2 0.596094 0.900000 0.064062 0.109375
2 0.653125 0.904687 0.065625 0.106250
2 0.428125 0.896094 0.062500 0.107813
2 0.373437 0.893750 0.059375 0.106250
0 0.178906 0.689844 0.073438 0.073438
2 0.483594 0.893750 0.064062 0.106250
2 0.538281 0.896875 0.064062 0.109375
0 0.179688 0.612500 0.071875 0.068750
0 0.171094 0.836719 0.073438 0.079687
0 0.169531 0.911719 0.073438 0.079687
0 0.163281 0.456250 0.076563 0.071875
0 0.162500 0.383594 0.078125 0.082812
0 0.168750 0.322656 0.078125 0.082812
0 0.181250 0.266406 0.078125 0.082812
0 0.195312 0.196094 0.078125 0.082812
0 0.215625 0.146094 0.078125 0.082812
0 0.217188 0.067969 0.078125 0.082812
0 0.242188 0.025000 0.087500 0.046875
0 0.027344 0.293750 0.051562 0.081250
0 0.027344 0.214062 0.051562 0.081250
0 0.046094 0.155469 0.064062 0.085938
0 0.058594 0.083594 0.064062 0.085938
0 0.065625 0.015625 0.068750 0.028125
0 0.425781 0.086719 0.082812 0.076563
0 0.421094 0.142969 0.082812 0.076563
0 0.421094 0.189844 0.082812 0.076563
0 0.403906 0.260156 0.082812 0.076563
0 0.408594 0.307031 0.082812 0.076563
0 0.392969 0.363281 0.082812 0.076563
0 0.392969 0.416406 0.082812 0.076563
0 0.397656 0.469531 0.082812 0.076563
0 0.389844 0.533594 0.082812 0.076563
0 0.378906 0.602344 0.082812 0.076563
0 0.432812 0.618750 0.062500 0.081250
0 0.454688 0.526563 0.062500 0.081250
0 0.507812 0.526563 0.062500 0.081250
0 0.556250 0.535937 0.062500 0.081250
0 0.625000 0.459375 0.062500 0.081250
0 0.635938 0.379688 0.062500 0.081250
0 0.570312 0.453125 0.062500 0.081250
0 0.518750 0.437500 0.062500 0.081250
0 0.470313 0.431250 0.062500 0.081250
0 0.476562 0.346875 0.062500 0.081250
0 0.531250 0.360938 0.062500 0.081250
0 0.585938 0.371875 0.062500 0.081250
0 0.600000 0.278125 0.062500 0.081250
0 0.546875 0.276562 0.062500 0.081250
0 0.490625 0.268750 0.062500 0.081250
0 0.501563 0.184375 0.062500 0.081250
0 0.554688 0.181250 0.062500 0.081250
0 0.607812 0.193750 0.062500 0.081250
0 0.578125 0.103125 0.062500 0.081250
0 0.523438 0.092188 0.062500 0.081250
