3 0.482031 0.330469 0.085938 0.067187
3 0.873437 0.917188 0.065625 0.078125
3 0.521875 0.256250 0.075000 0.053125
3 0.793750 0.638281 0.062500 0.082812
3 0.567969 0.119531 0.079687 0.051562
3 0.407031 0.067969 0.073438 0.048438
3 0.039844 0.268750 0.070312 0.046875
3 0.034375 0.302344 0.065625 0.051562
3 0.015625 0.368750 0.028125 0.043750
3 0.166406 0.366406 0.079687 0.054688
3 0.421094 0.038281 0.079687 0.054688
3 0.353906 0.017969 0.079687 0.032813
3 0.152344 0.027344 0.079687 0.051562
3 0.122656 0.085156 0.098437 0.070312
3 0.303906 0.132031 0.079687 0.054688
3 0.308594 0.252344 0.079687 0.054688
3 0.289844 0.313281 0.070312 0.054688
3 0.244531 0.403906 0.079687 0.054688
3 0.127344 0.425000 0.076563 0.053125
3 0.216406 0.282031 0.079687 0.054688
3 0.869531 0.663281 0.057813 0.064062
3 0.898438 0.680469 0.056250 0.076563
3 0.932031 0.692187 0.057813 0.068750
3 0.971094 0.717187 0.057813 0.068750
3 0.947656 0.956250 0.054688 0.071875
