3 0.078906 0.011719 0.067187 0.020313
3 0.214844 0.509375 0.076563 0.031250
3 0.054688 0.504687 0.081250 0.034375
3 0.059375 0.365625 0.075000 0.031250
3 0.079687 0.142969 0.078125 0.032813
3 0.215625 0.547656 0.068750 0.032813
3 0.064844 0.331250 0.070312 0.031250
3 0.225000 0.300000 0.071875 0.034375
3 0.217188 0.221094 0.075000 0.035937
3 0.067969 0.070312 0.079687 0.034375
3 0.056250 0.397656 0.081250 0.039062
3 0.056250 0.432031 0.075000 0.032813
3 0.064062 0.250781 0.081250 0.035937
3 0.221875 0.405469 0.075000 0.032813
3 0.063281 0.294531 0.073438 0.029687
3 0.219531 0.472656 0.070312 0.032813
3 0.225000 0.189062 0.075000 0.034375
3 0.224219 0.330469 0.070312 0.032813
3 0.068750 0.177344 0.081250 0.039062
3 0.055469 0.466406 0.076563 0.032813
3 0.225000 0.370312 0.078125 0.037500
3 0.069531 0.107813 0.082812 0.037500
3 0.053125 0.539844 0.075000 0.035937
3 0.225000 0.257812 0.075000 0.037500
4 0.015625 0.933594 0.028125 0.082812
