3 0.172656 0.477344 0.045312 0.054688
3 0.010937 0.771094 0.018750 0.060937
3 0.974219 0.022656 0.051562 0.042188
3 0.011719 0.578125 0.020313 0.059375
3 0.025000 0.558594 0.043750 0.060937
3 0.149219 0.493750 0.048438 0.062500
3 0.022656 0.746875 0.042188 0.071875
3 0.056250 0.540625 0.050000 0.062500
3 0.832812 0.095312 0.059375 0.046875
3 0.310937 0.582812 0.050000 0.062500
3 0.428906 0.506250 0.048438 0.065625
3 0.073438 0.713281 0.050000 0.064062
3 0.107031 0.692969 0.054688 0.067187
3 0.196875 0.645312 0.053125 0.068750
3 0.370312 0.543750 0.046875 0.062500
3 0.223438 0.621875 0.053125 0.071875
3 0.403125 0.528125 0.050000 0.062500
3 0.490625 0.480469 0.050000 0.064062
3 0.208594 0.461719 0.051562 0.070312
3 0.167969 0.665625 0.045312 0.062500
3 0.119531 0.511719 0.048438 0.064062
3 0.042188 0.727344 0.053125 0.070312
3 0.342187 0.390625 0.053125 0.068750
3 0.581250 0.432031 0.046875 0.057813
3 0.338281 0.557031 0.048438 0.064062
3 0.519531 0.455469 0.051562 0.067187
3 0.135937 0.681250 0.043750 0.059375
3 0.278906 0.597656 0.051562 0.067187
3 0.639844 0.392188 0.051562 0.065625
3 0.084375 0.523438 0.046875 0.062500
3 0.459375 0.494531 0.046875 0.064062
3 0.253906 0.616406 0.051562 0.067187
3 0.945312 0.704688 0.084375 0.059375
