3 0.470313 0.657031 0.043750 0.076563
3 0.839844 0.278125 0.104688 0.053125
3 0.103125 0.654687 0.037500 0.075000
3 0.444531 0.652344 0.029687 0.076563
3 0.011719 0.658594 0.020313 0.076563
3 0.710938 0.628906 0.053125 0.160938
3 0.586719 0.649219 0.039062 0.098437
3 0.646094 0.621875 0.048438 0.134375
3 0.542188 0.644531 0.040625 0.092188
3 0.480469 0.251563 0.095312 0.046875
3 0.485156 0.656250 0.032813 0.071875
3 0.394531 0.649219 0.032813 0.064062
3 0.204687 0.482812 0.093750 0.043750
3 0.457031 0.371094 0.085938 0.045312
3 0.446875 0.418750 0.065625 0.037500
3 0.156250 0.666406 0.037500 0.079687
3 0.871875 0.010156 0.087500 0.017188
3 0.225781 0.034375 0.064062 0.043750
