1 0.634375 0.289062 0.125000 0.153125
1 0.688281 0.326562 0.139063 0.156250
1 0.585156 0.247656 0.107813 0.120313
1 0.542969 0.214844 0.107813 0.120313
0 0.287500 0.921094 0.081250 0.070312
0 0.865625 0.913281 0.081250 0.070312
2 0.948438 0.054688 0.078125 0.087500
0 0.917188 0.399219 0.081250 0.070312
0 0.930469 0.495312 0.070312 0.059375
0 0.962500 0.526563 0.075000 0.075000
0 0.986719 0.550000 0.026562 0.068750
0 0.835938 0.947656 0.081250 0.070312
0 0.807813 0.974219 0.081250 0.051562
0 0.264062 0.957031 0.081250 0.070312
0 0.244531 0.980469 0.076563 0.039062
0 0.364063 0.568750 0.081250 0.071875
0 0.027344 0.525781 0.051562 0.067187
0 0.343750 0.607812 0.081250 0.071875
0 0.321875 0.635938 0.081250 0.071875
0 0.304688 0.682813 0.081250 0.071875
0 0.282813 0.714063 0.081250 0.071875
0 0.265625 0.746875 0.081250 0.071875
0 0.243750 0.788281 0.081250 0.070312
0 0.220312 0.825781 0.081250 0.070312
0 0.196875 0.857031 0.081250 0.070312
0 0.176563 0.896094 0.081250 0.070312
0 0.154688 0.921094 0.081250 0.070312
0 0.132812 0.950781 0.081250 0.070312
0 0.110937 0.977344 0.081250 0.045312
1 0.891406 0.048438 0.095312 0.093750
1 0.818750 0.026562 0.053125 0.050000
