1 0.069531 0.812500 0.098437 0.084375
0 0.011719 0.125000 0.020313 0.046875
0 0.023438 0.099219 0.043750 0.054688
0 0.043750 0.085938 0.053125 0.056250
0 0.092969 0.044531 0.054688 0.057813
0 0.117188 0.028125 0.053125 0.053125
0 0.150781 0.015625 0.045312 0.028125
0 0.332813 0.249219 0.056250 0.051562
0 0.304688 0.274219 0.053125 0.057813
0 0.273438 0.295312 0.053125 0.056250
0 0.158594 0.377344 0.048438 0.051562
0 0.133594 0.392969 0.054688 0.051562
0 0.108594 0.414844 0.051562 0.054688
0 0.082812 0.431250 0.053125 0.056250
0 0.061719 0.450000 0.057813 0.056250
0 0.035937 0.469531 0.053125 0.051562
0 0.015625 0.492969 0.028125 0.051562
3 0.205469 0.553125 0.076563 0.062500
3 0.230469 0.589063 0.076563 0.062500
3 0.252344 0.620313 0.076563 0.062500
3 0.300781 0.692187 0.076563 0.062500
3 0.056250 0.582812 0.059375 0.065625
3 0.031250 0.601562 0.059375 0.068750
3 0.017188 0.628906 0.031250 0.048438
3 0.974219 0.464062 0.051562 0.075000
3 0.956250 0.484375 0.059375 0.065625
3 0.360938 0.788281 0.031250 0.029687
