4 0.741406 0.578125 0.085938 0.043750
0 0.664062 0.558594 0.059375 0.035937
0 0.728906 0.539062 0.060937 0.040625
0 0.539844 0.525000 0.057813 0.037500
0 0.508594 0.421875 0.057813 0.040625
0 0.437500 0.448437 0.065625 0.043750
0 0.417187 0.377344 0.059375 0.039062
0 0.450781 0.483594 0.060937 0.045312
0 0.327344 0.323437 0.060937 0.040625
0 0.512500 0.689844 0.062500 0.042188
0 0.481250 0.321094 0.059375 0.039062
0 0.337500 0.358594 0.065625 0.039062
0 0.426563 0.410156 0.062500 0.039062
0 0.578125 0.670312 0.059375 0.040625
0 0.355469 0.432031 0.060937 0.042188
0 0.460938 0.515625 0.062500 0.040625
0 0.558594 0.591406 0.057813 0.039062
0 0.471875 0.284375 0.062500 0.040625
0 0.397656 0.305469 0.057813 0.039062
0 0.504687 0.650000 0.056250 0.037500
0 0.529687 0.493750 0.059375 0.040625
0 0.567969 0.625781 0.057813 0.039062
0 0.345313 0.395313 0.062500 0.040625
0 0.409375 0.339844 0.059375 0.039062
0 0.494531 0.614844 0.060937 0.039062
0 0.517188 0.459375 0.062500 0.040625
0 0.446875 0.593750 0.059375 0.040625
0 0.546094 0.558594 0.057813 0.039062
0 0.471094 0.547656 0.060937 0.042188
0 0.492188 0.353906 0.056250 0.039062
0 0.497656 0.389844 0.060937 0.039062
