1 0.135937 0.712500 0.268750 0.200000
1 0.148438 0.781250 0.293750 0.215625
1 0.176563 0.839844 0.309375 0.217188
1 0.210938 0.891406 0.309375 0.217188
1 0.257031 0.925781 0.279687 0.148438
1 0.350000 0.958594 0.165625 0.082812
1 0.834375 0.328906 0.309375 0.217188
1 0.776563 0.207031 0.309375 0.217188
1 0.748437 0.150781 0.309375 0.217188
1 0.710938 0.101562 0.306250 0.200000
1 0.566406 0.042969 0.145313 0.082812
1 0.654687 0.071875 0.246875 0.140625
1 0.857812 0.386719 0.284375 0.204687
1 0.846875 0.462500 0.306250 0.212500
1 0.864062 0.525000 0.271875 0.181250
1 0.903125 0.570312 0.193750 0.128125
1 0.914844 0.645312 0.170313 0.134375
1 0.935937 0.717969 0.128125 0.117188
1 0.950781 0.788281 0.098437 0.098437
1 0.982031 0.903906 0.035937 0.064062
1 0.500000 0.018750 0.087500 0.034375
