1 0.783594 0.190625 0.070312 0.087500
1 0.364844 0.026562 0.067187 0.050000
1 0.871094 0.561719 0.110937 0.073438
1 0.303125 0.886719 0.096875 0.048438
0 0.750781 0.174219 0.054688 0.070312
0 0.130469 0.803906 0.070312 0.042188
1 0.662500 0.882812 0.112500 0.084375
0 0.110156 0.724219 0.070312 0.039062
1 0.628906 0.963281 0.120313 0.073438
1 0.037500 0.400781 0.071875 0.054688
1 0.108594 0.327344 0.107813 0.054688
0 0.278906 0.810156 0.067187 0.039062
1 0.828125 0.632031 0.100000 0.076563
1 0.639844 0.914844 0.107813 0.082812
1 0.900781 0.484375 0.101562 0.071875
1 0.917969 0.439844 0.095312 0.076563
1 0.047656 0.486719 0.092188 0.051562
0 0.256250 0.722656 0.065625 0.042188
1 0.688281 0.845313 0.104688 0.084375
1 0.739062 0.785937 0.096875 0.075000
1 0.045312 0.441406 0.087500 0.057813
1 0.884375 0.517969 0.103125 0.076563
1 0.063281 0.610938 0.101562 0.059375
1 0.805469 0.664062 0.101562 0.075000
0 0.296094 0.842969 0.064062 0.042188
1 0.782813 0.700000 0.103125 0.075000
1 0.850781 0.590625 0.101562 0.075000
1 0.757812 0.735938 0.103125 0.078125
0 0.112500 0.855469 0.062500 0.039062
0 0.139063 0.893750 0.062500 0.040625
0 0.122656 0.766406 0.064062 0.042188
1 0.114844 0.235937 0.126562 0.065625
1 0.233594 0.644531 0.107813 0.073438
1 0.272656 0.761719 0.104688 0.067187
1 0.161719 0.931250 0.107813 0.059375
1 0.435156 0.042969 0.042188 0.060937
1 0.446875 0.126562 0.065625 0.106250
1 0.489844 0.039844 0.070312 0.076563
1 0.535937 0.046094 0.084375 0.089063
1 0.574219 0.053906 0.070312 0.104688
1 0.603906 0.078906 0.070312 0.104688
1 0.635156 0.100781 0.079687 0.110937
1 0.675000 0.126562 0.068750 0.109375
1 0.808594 0.228125 0.082812 0.115625
1 0.728125 0.293750 0.081250 0.106250
1 0.845313 0.251563 0.075000 0.096875
1 0.871875 0.300781 0.078125 0.101562
1 0.816406 0.391406 0.073438 0.117188
