3 0.492969 0.829688 0.076563 0.071875
3 0.459375 0.856250 0.059375 0.059375
3 0.980469 0.432812 0.035937 0.071875
3 0.171875 0.897656 0.062500 0.057813
3 0.985938 0.416406 0.025000 0.064062
3 0.921875 0.260156 0.059375 0.051562
3 0.791406 0.825781 0.060937 0.054688
3 0.438281 0.876563 0.057813 0.053125
3 0.956250 0.169531 0.065625 0.067187
3 0.810156 0.856250 0.057813 0.056250
3 0.464062 0.961719 0.062500 0.064062
3 0.342969 0.973437 0.057813 0.053125
3 0.674219 0.628906 0.060937 0.060937
3 0.582812 0.374219 0.081250 0.085938
3 0.380469 0.924219 0.064062 0.051562
3 0.940625 0.495312 0.056250 0.059375
3 0.603125 0.812500 0.081250 0.081250
3 0.128906 0.954688 0.073438 0.068750
3 0.963281 0.464844 0.054688 0.064062
3 0.724219 0.981250 0.070312 0.037500
3 0.484375 0.939844 0.065625 0.067187
3 0.642969 0.652344 0.060937 0.060937
3 0.610938 0.675000 0.075000 0.062500
3 0.279687 0.777344 0.062500 0.057813
3 0.264062 0.794531 0.062500 0.057813
