0 0.325000 0.162500 0.071875 0.071875
0 0.517188 0.017188 0.071875 0.031250
0 0.647656 0.146094 0.067187 0.070312
0 0.578125 0.451562 0.071875 0.068750
0 0.355469 0.200000 0.073438 0.068750
0 0.677344 0.181250 0.067187 0.068750
0 0.581250 0.069531 0.068750 0.067187
0 0.545312 0.419531 0.068750 0.070312
0 0.613281 0.104688 0.070312 0.068750
0 0.550000 0.034375 0.065625 0.062500
0 0.511719 0.381250 0.067187 0.065625
0 0.736719 0.246875 0.067187 0.068750
0 0.384375 0.232813 0.068750 0.065625
0 0.771094 0.285156 0.070312 0.073438
0 0.420312 0.277344 0.068750 0.067187
1 0.224219 0.031250 0.104688 0.059375
