3 0.296875 0.700781 0.065625 0.054688
3 0.488281 0.554688 0.142187 0.087500
3 0.516406 0.538281 0.114062 0.076563
3 0.981250 0.801562 0.037500 0.046875
3 0.750781 0.880469 0.117188 0.082812
3 0.967969 0.660156 0.064062 0.042188
3 0.605469 0.650000 0.067187 0.053125
3 0.520312 0.496875 0.087500 0.056250
3 0.243750 0.770312 0.078125 0.065625
3 0.591406 0.617969 0.082812 0.057813
3 0.228906 0.686719 0.117188 0.089063
3 0.262500 0.798438 0.075000 0.059375
3 0.924219 0.556250 0.095312 0.046875
3 0.199219 0.663281 0.089063 0.070312
3 0.944531 0.608594 0.095312 0.045312
3 0.556250 0.564063 0.084375 0.062500
3 0.489063 0.646094 0.081250 0.060937
3 0.284375 0.833594 0.090625 0.073438
