3 0.987500 0.622656 0.025000 0.054688
3 0.847656 0.639844 0.045312 0.067187
3 0.466406 0.070312 0.042188 0.056250
3 0.130469 0.846875 0.064062 0.056250
3 0.952344 0.237500 0.042188 0.065625
3 0.986719 0.783594 0.023438 0.048438
3 0.989844 0.353906 0.020313 0.073438
3 0.844531 0.249219 0.032813 0.051562
3 0.799219 0.006250 0.039062 0.009375
3 0.027344 0.826562 0.051562 0.071875
3 0.400781 0.221875 0.051562 0.065625
3 0.374219 0.120313 0.048438 0.065625
3 0.886719 0.081250 0.045312 0.068750
3 0.757812 0.011719 0.040625 0.017188
3 0.839844 0.541406 0.039062 0.067187
3 0.658594 0.019531 0.051562 0.035937
3 0.338281 0.612500 0.070312 0.071875
3 0.528906 0.482031 0.048438 0.067187
3 0.709375 0.283594 0.043750 0.067187
3 0.214062 0.570312 0.056250 0.056250
3 0.600781 0.962500 0.054688 0.059375
3 0.203125 0.365625 0.071875 0.065625
3 0.495312 0.364063 0.056250 0.068750
3 0.785937 0.373437 0.050000 0.071875
3 0.428906 0.203125 0.051562 0.062500
3 0.883594 0.805469 0.039062 0.060937
3 0.744531 0.275000 0.035937 0.065625
3 0.689844 0.018750 0.048438 0.034375
3 0.432031 0.083594 0.042188 0.060937
3 0.882812 0.253125 0.043750 0.065625
3 0.496094 0.052344 0.051562 0.073438
3 0.846875 0.815625 0.037500 0.059375
3 0.884375 0.633594 0.043750 0.064062
3 0.777344 0.264062 0.039062 0.065625
3 0.622656 0.428906 0.054688 0.079687
3 0.532031 0.163281 0.042188 0.064062
3 0.649219 0.594531 0.057813 0.073438
3 0.290625 0.495312 0.056250 0.062500
3 0.532031 0.353125 0.045312 0.062500
3 0.681250 0.122656 0.040625 0.064062
3 0.404687 0.100000 0.043750 0.059375
3 0.781250 0.846094 0.043750 0.064062
3 0.115625 0.432031 0.056250 0.064062
3 0.172656 0.785156 0.076563 0.067187
3 0.102344 0.910156 0.067187 0.054688
3 0.463281 0.386719 0.057813 0.079687
3 0.499219 0.181250 0.045312 0.065625
3 0.460938 0.189844 0.046875 0.064062
3 0.092969 0.457813 0.057813 0.059375
3 0.479687 0.849219 0.068750 0.070312
3 0.058594 0.340625 0.057813 0.068750
3 0.371875 0.239844 0.056250 0.067187
3 0.561719 0.335938 0.045312 0.062500
3 0.596094 0.326562 0.045312 0.062500
3 0.177344 0.388281 0.054688 0.054688
