3 0.310937 0.300000 0.062500 0.031250
3 0.022656 0.328906 0.039062 0.070312
3 0.401562 0.726562 0.059375 0.065625
3 0.361719 0.235937 0.060937 0.031250
3 0.294531 0.331250 0.064062 0.031250
3 0.263281 0.262500 0.073438 0.031250
3 0.209375 0.467187 0.062500 0.031250
3 0.247656 0.295312 0.067187 0.034375
3 0.194531 0.499219 0.064062 0.032813
3 0.350000 0.265625 0.059375 0.031250
3 0.122656 0.463281 0.073438 0.029687
3 0.283594 0.226562 0.067187 0.034375
3 0.219531 0.331250 0.070312 0.034375
3 0.404687 0.459375 0.056250 0.081250
3 0.234375 0.434375 0.059375 0.031250
3 0.015625 0.356250 0.028125 0.062500
3 0.139844 0.565625 0.067187 0.034375
3 0.275000 0.364844 0.065625 0.035937
3 0.080469 0.633594 0.076563 0.039062
3 0.047656 0.592187 0.073438 0.034375
3 0.382812 0.174219 0.062500 0.032813
3 0.302344 0.185156 0.060937 0.032813
3 0.096094 0.528125 0.067187 0.034375
