3 0.497656 0.034375 0.070312 0.062500
3 0.784375 0.283594 0.062500 0.057813
3 0.820312 0.121094 0.062500 0.060937
3 0.423438 0.010156 0.046875 0.017188
3 0.517187 0.057813 0.065625 0.062500
3 0.745313 0.250781 0.065625 0.064062
3 0.978125 0.260938 0.043750 0.053125
3 0.685938 0.207031 0.062500 0.060937
3 0.846875 0.348437 0.056250 0.062500
3 0.881250 0.167187 0.053125 0.059375
3 0.877344 0.367188 0.057813 0.062500
3 0.957031 0.235156 0.064062 0.064062
3 0.718750 0.227344 0.068750 0.060937
3 0.661719 0.192188 0.060937 0.062500
3 0.905469 0.194531 0.064062 0.060937
3 0.790625 0.102344 0.062500 0.064062
3 0.843750 0.150781 0.059375 0.060937
