3 0.113281 0.542188 0.057813 0.046875
3 0.654687 0.043750 0.056250 0.065625
3 0.746094 0.010937 0.048438 0.018750
3 0.157812 0.637500 0.059375 0.043750
3 0.655469 0.119531 0.051562 0.067187
3 0.709375 0.018750 0.046875 0.034375
3 0.917188 0.232031 0.050000 0.057813
3 0.137500 0.613281 0.062500 0.048438
3 0.282031 0.507031 0.048438 0.060937
3 0.697656 0.271875 0.039062 0.056250
3 0.082812 0.364063 0.059375 0.034375
3 0.277344 0.062500 0.048438 0.065625
3 0.078125 0.473438 0.059375 0.037500
3 0.159375 0.160156 0.062500 0.054688
3 0.859375 0.274219 0.053125 0.070312
3 0.807813 0.032813 0.050000 0.059375
3 0.729688 0.328906 0.053125 0.076563
3 0.503906 0.472656 0.045312 0.057813
3 0.196094 0.701562 0.060937 0.046875
3 0.573438 0.334375 0.046875 0.062500
3 0.503125 0.198437 0.046875 0.062500
3 0.834375 0.022656 0.046875 0.042188
3 0.402344 0.516406 0.048438 0.064062
3 0.729688 0.255469 0.043750 0.060937
3 0.082031 0.321094 0.067187 0.042188
3 0.974219 0.125000 0.045312 0.062500
3 0.790625 0.298438 0.053125 0.068750
3 0.699219 0.352344 0.048438 0.060937
3 0.582812 0.417969 0.050000 0.064062
3 0.593750 0.150781 0.046875 0.057813
3 0.293750 0.315625 0.040625 0.062500
3 0.398438 0.442188 0.046875 0.059375
3 0.262500 0.327344 0.040625 0.064062
3 0.941406 0.142969 0.048438 0.067187
3 0.529687 0.457031 0.046875 0.064062
3 0.860156 0.020313 0.054688 0.037500
3 0.325781 0.303906 0.048438 0.067187
3 0.588281 0.071875 0.042188 0.062500
3 0.977344 0.210938 0.045312 0.065625
3 0.467969 0.488281 0.048438 0.067187
3 0.490625 0.389062 0.046875 0.062500
3 0.792188 0.226562 0.046875 0.065625
3 0.243750 0.762500 0.068750 0.053125
3 0.479687 0.218750 0.046875 0.062500
3 0.528906 0.102344 0.042188 0.057813
3 0.444531 0.235156 0.045312 0.064062
3 0.346094 0.554688 0.054688 0.078125
3 0.554688 0.435937 0.046875 0.065625
3 0.620313 0.059375 0.043750 0.062500
3 0.759375 0.239063 0.043750 0.062500
3 0.314063 0.225781 0.046875 0.054688
3 0.471875 0.138281 0.046875 0.064062
3 0.546875 0.356250 0.046875 0.059375
3 0.195312 0.142969 0.059375 0.067187
3 0.216406 0.727344 0.064062 0.051562
3 0.846094 0.185938 0.045312 0.059375
3 0.943750 0.224219 0.046875 0.064062
3 0.353125 0.284375 0.046875 0.065625
3 0.100000 0.252344 0.065625 0.045312
3 0.366406 0.453125 0.051562 0.062500
3 0.436719 0.154688 0.048438 0.062500
3 0.379688 0.185938 0.040625 0.059375
3 0.414844 0.246875 0.042188 0.062500
3 0.612500 0.406250 0.053125 0.075000
3 0.116406 0.220312 0.064062 0.043750
3 0.313281 0.577344 0.048438 0.067187
3 0.346094 0.201563 0.045312 0.062500
3 0.244531 0.083594 0.051562 0.067187
3 0.536719 0.181250 0.048438 0.062500
3 0.307812 0.488281 0.046875 0.060937
3 0.434375 0.505469 0.050000 0.060937
3 0.680469 0.026562 0.045312 0.050000
3 0.129688 0.185156 0.065625 0.051562
3 0.461719 0.407031 0.051562 0.064062
3 0.121094 0.576562 0.057813 0.046875
3 0.882031 0.175000 0.045312 0.062500
3 0.074219 0.395313 0.067187 0.034375
3 0.668750 0.289844 0.043750 0.060937
3 0.433594 0.424219 0.045312 0.057813
3 0.385156 0.268750 0.048438 0.065625
3 0.517969 0.375000 0.045312 0.059375
3 0.307812 0.051562 0.050000 0.065625
3 0.071875 0.439063 0.065625 0.037500
3 0.607812 0.321094 0.043750 0.060937
3 0.559375 0.090625 0.040625 0.056250
3 0.626563 0.139844 0.043750 0.057813
3 0.743750 0.065625 0.043750 0.059375
3 0.086719 0.517188 0.060937 0.046875
4 0.906250 0.808594 0.084375 0.067187
