3 0.952344 0.679688 0.067187 0.046875
3 0.988281 0.920312 0.023438 0.059375
3 0.925000 0.639844 0.068750 0.045312
3 0.968750 0.722656 0.062500 0.051562
3 0.473438 0.120313 0.040625 0.087500
3 0.596875 0.084375 0.037500 0.071875
3 0.901563 0.573438 0.065625 0.046875
3 0.551562 0.092969 0.037500 0.076563
3 0.915625 0.607031 0.065625 0.045312
3 0.801562 0.980469 0.065625 0.035937
3 0.787500 0.944531 0.075000 0.048438
3 0.638281 0.474219 0.073438 0.045312
3 0.784375 0.899219 0.090625 0.054688
3 0.900000 0.531250 0.062500 0.040625
3 0.635938 0.057813 0.037500 0.071875
3 0.681250 0.045312 0.037500 0.071875
