3 0.674219 0.099219 0.064062 0.064062
3 0.715625 0.578125 0.068750 0.062500
3 0.678906 0.531250 0.070312 0.065625
0 0.535156 0.193750 0.060937 0.062500
3 0.050781 0.303906 0.070312 0.060937
3 0.332813 0.020313 0.062500 0.037500
3 0.534375 0.192969 0.062500 0.060937
3 0.620313 0.047656 0.071875 0.073438
3 0.108594 0.226562 0.067187 0.071875
3 0.697656 0.121875 0.070312 0.065625
3 0.896094 0.693750 0.048438 0.053125
3 0.509375 0.172656 0.062500 0.060937
3 0.930469 0.184375 0.064062 0.059375
3 0.809375 0.603906 0.062500 0.067187
3 0.607812 0.264844 0.059375 0.057813
3 0.644531 0.071094 0.064062 0.067187
3 0.779687 0.038281 0.065625 0.060937
3 0.917188 0.550781 0.056250 0.054688
3 0.410938 0.021875 0.065625 0.040625
3 0.855469 0.110156 0.060937 0.060937
3 0.975000 0.027344 0.050000 0.051562
3 0.900781 0.151562 0.073438 0.065625
3 0.797656 0.842969 0.067187 0.057813
3 0.825781 0.084375 0.070312 0.059375
3 0.938281 0.367969 0.060937 0.054688
3 0.980469 0.782813 0.039062 0.068750
3 0.631250 0.292969 0.056250 0.057813
3 0.860938 0.667188 0.062500 0.071875
3 0.432812 0.098437 0.059375 0.062500
3 0.657031 0.320312 0.054688 0.056250
3 0.821875 0.242969 0.062500 0.060937
3 0.089844 0.247656 0.067187 0.067187
3 0.823438 0.619531 0.062500 0.064062
3 0.841406 0.883594 0.060937 0.057813
3 0.691406 0.548438 0.070312 0.071875
3 0.745313 0.601562 0.071875 0.071875
3 0.921875 0.715625 0.050000 0.053125
3 0.850000 0.507812 0.068750 0.062500
3 0.885156 0.533594 0.057813 0.057813
3 0.674219 0.339844 0.060937 0.057813
3 0.803125 0.460156 0.068750 0.064062
3 0.791406 0.215625 0.064062 0.062500
3 0.771094 0.439063 0.067187 0.059375
3 0.869531 0.296094 0.060937 0.054688
3 0.296094 0.084375 0.060937 0.062500
3 0.481250 0.156250 0.059375 0.062500
3 0.072656 0.274219 0.070312 0.060937
