0 0.776442 0.258413 0.067307 0.036057
0 0.784855 0.302884 0.064903 0.043269
0 0.790865 0.341346 0.067307 0.043269
0 0.793269 0.387019 0.067307 0.043269
0 0.804086 0.438702 0.064903 0.040865
0 0.805288 0.490384 0.067307 0.043269
0 0.806490 0.537259 0.069711 0.040865
0 0.807692 0.593750 0.072115 0.038461
0 0.816105 0.850961 0.069711 0.043269
0 0.799278 0.914663 0.069711 0.040865
0 0.804086 0.961538 0.069711 0.052884
0 0.813701 0.990384 0.069711 0.019230
1 0.959134 0.915865 0.081730 0.052884
4 0.938702 0.865384 0.122596 0.062500
