3 0.573438 0.379688 0.090625 0.087500
3 0.654687 0.167187 0.078125 0.075000
3 0.609375 0.406250 0.078125 0.075000
3 0.668750 0.640625 0.081250 0.075000
3 0.606250 0.709375 0.078125 0.065625
3 0.789062 0.515625 0.081250 0.075000
3 0.074219 0.255469 0.045312 0.045312
3 0.582031 0.732031 0.092188 0.079687
3 0.498437 0.815625 0.081250 0.075000
3 0.443750 0.870313 0.081250 0.075000
3 0.414062 0.912500 0.081250 0.075000
3 0.750000 0.937500 0.081250 0.075000
3 0.788281 0.889844 0.082812 0.082812
3 0.835156 0.847656 0.082812 0.082812
3 0.863281 0.814844 0.082812 0.082812
3 0.894531 0.776563 0.076563 0.068750
3 0.135937 0.477344 0.081250 0.067187
3 0.523438 0.314063 0.078125 0.075000
