1 0.421875 0.948438 0.090625 0.103125
4 0.820312 0.778125 0.059375 0.071875
4 0.909375 0.839063 0.056250 0.068750
1 0.779687 0.975781 0.059375 0.048438
4 0.867969 0.814063 0.060937 0.071875
4 0.971094 0.730469 0.054688 0.092188
1 0.464062 0.972656 0.059375 0.054688
1 0.986719 0.278906 0.023438 0.079687
4 0.932031 0.866406 0.042188 0.054688
1 0.938281 0.024219 0.067187 0.045312
1 0.778125 0.148438 0.065625 0.093750
1 0.970313 0.038281 0.059375 0.073438
1 0.019531 0.915625 0.035937 0.075000
4 0.954688 0.422656 0.065625 0.089063
4 0.689844 0.669531 0.073438 0.101562
4 0.875781 0.379688 0.070312 0.087500
1 0.433594 0.346875 0.070312 0.093750
4 0.785156 0.742188 0.064062 0.090625
4 0.739062 0.707031 0.071875 0.098437
0 0.140625 0.980469 0.046875 0.039062
4 0.915625 0.402344 0.071875 0.092188
1 0.567187 0.441406 0.071875 0.082812
1 0.848437 0.630469 0.078125 0.098437
1 0.619531 0.203906 0.070312 0.082812
1 0.516406 0.536719 0.095312 0.117188
1 0.652344 0.081250 0.092188 0.115625
0 0.105469 0.970313 0.051562 0.059375
0 0.042188 0.926562 0.050000 0.059375
1 0.893750 0.657031 0.078125 0.089063
1 0.906250 0.235937 0.075000 0.093750
1 0.694531 0.519531 0.076563 0.085938
1 0.871875 0.206250 0.071875 0.093750
1 0.617969 0.062500 0.089063 0.112500
1 0.653906 0.629687 0.089063 0.115625
1 0.753125 0.553906 0.071875 0.092188
1 0.531250 0.411719 0.071875 0.089063
1 0.607031 0.600000 0.092188 0.118750
1 0.585156 0.184375 0.067187 0.087500
1 0.796875 0.585156 0.071875 0.089063
1 0.716406 0.139063 0.101562 0.134375
1 0.560937 0.558594 0.112500 0.142187
1 0.689063 0.108594 0.090625 0.117188
1 0.948438 0.264062 0.071875 0.093750
4 0.245312 0.407813 0.103125 0.087500
0 0.712500 0.949219 0.059375 0.064062
1 0.656250 0.239063 0.068750 0.075000
0 0.983594 0.060937 0.032813 0.059375
0 0.022656 0.053125 0.042188 0.071875
4 0.752344 0.285156 0.076563 0.110937
