4 0.635156 0.230469 0.039062 0.098437
0 0.010937 0.437500 0.018750 0.078125
1 0.014063 0.170313 0.025000 0.143750
1 0.283594 0.157031 0.035937 0.095312
1 0.119531 0.550781 0.035937 0.101562
1 0.938281 0.144531 0.045312 0.092188
1 0.112500 0.450781 0.040625 0.092188
4 0.773438 0.140625 0.040625 0.112500
0 0.952344 0.860938 0.042188 0.075000
1 0.460156 0.582031 0.039062 0.120313
1 0.873437 0.157031 0.034375 0.117188
1 0.751563 0.916406 0.053125 0.148438
4 0.782031 0.242969 0.039062 0.098437
4 0.336719 0.567187 0.064062 0.121875
