1 0.081250 0.967187 0.103125 0.062500
1 0.296875 0.842969 0.103125 0.129688
2 0.509375 0.976562 0.075000 0.046875
1 0.295312 0.841406 0.103125 0.129688
1 0.263281 0.866406 0.101562 0.129688
1 0.535156 0.688281 0.095312 0.114062
1 0.221094 0.899219 0.107813 0.135937
0 0.902344 0.392969 0.067187 0.067187
1 0.579688 0.682813 0.078125 0.093750
1 0.496875 0.765625 0.075000 0.084375
2 0.540625 0.957812 0.078125 0.081250
1 0.517969 0.730469 0.085938 0.092188
1 0.604688 0.657031 0.087500 0.101562
1 0.135156 0.949219 0.123438 0.098437
1 0.459375 0.779687 0.075000 0.084375
1 0.188281 0.925000 0.110937 0.134375
1 0.636719 0.628125 0.089063 0.109375
0 0.917969 0.457031 0.067187 0.067187
0 0.867969 0.439844 0.067187 0.067187
0 0.827344 0.450781 0.067187 0.067187
0 0.857031 0.511719 0.067187 0.067187
0 0.766406 0.496094 0.067187 0.067187
0 0.792969 0.555469 0.067187 0.067187
