3 0.776563 0.640625 0.056250 0.043750
3 0.871094 0.506250 0.060937 0.050000
3 0.989844 0.664062 0.020313 0.056250
3 0.785937 0.602344 0.062500 0.048438
3 0.694531 0.305469 0.054688 0.060937
3 0.370313 0.814844 0.046875 0.060937
3 0.970312 0.707812 0.050000 0.050000
3 0.814844 0.575781 0.060937 0.048438
3 0.855469 0.907812 0.057813 0.040625
3 0.766406 0.688281 0.070312 0.054688
3 0.696094 0.785937 0.060937 0.053125
3 0.742188 0.728125 0.059375 0.046875
3 0.900781 0.467969 0.064062 0.054688
3 0.896094 0.818750 0.070312 0.056250
3 0.918750 0.782812 0.062500 0.056250
