3 0.462500 0.747656 0.040625 0.079687
3 0.660937 0.742969 0.040625 0.079687
3 0.657813 0.485156 0.040625 0.079687
3 0.821875 0.491406 0.040625 0.079687
3 0.867188 0.392969 0.040625 0.079687
3 0.892188 0.203906 0.040625 0.079687
3 0.484375 0.200781 0.040625 0.079687
3 0.412500 0.202344 0.040625 0.079687
3 0.331250 0.389844 0.040625 0.079687
3 0.376563 0.480469 0.040625 0.079687
3 0.414062 0.477344 0.040625 0.079687
3 0.295312 0.400781 0.040625 0.079687
3 0.243750 0.408594 0.040625 0.079687
3 0.139063 0.486719 0.040625 0.079687
3 0.021094 0.488281 0.039062 0.079687
3 0.246875 0.666406 0.040625 0.079687
3 0.531250 0.400781 0.040625 0.079687
3 0.584375 0.488281 0.040625 0.079687
3 0.701562 0.730469 0.040625 0.079687
3 0.134375 0.403906 0.040625 0.079687
3 0.085938 0.403906 0.040625 0.079687
3 0.626563 0.941406 0.040625 0.079687
