1 0.907031 0.604688 0.101562 0.078125
0 0.856250 0.506250 0.075000 0.065625
0 0.764062 0.364844 0.090625 0.076563
0 0.732031 0.320312 0.089063 0.078125
2 0.707812 0.270313 0.087500 0.078125
2 0.682031 0.217969 0.092188 0.079687
0 0.646875 0.167187 0.093750 0.075000
0 0.614844 0.116406 0.095312 0.073438
0 0.582812 0.060156 0.093750 0.070312
0 0.552344 0.021094 0.089063 0.039062
0 0.788281 0.548438 0.070312 0.065625
1 0.888281 0.556250 0.104688 0.087500
0 0.803125 0.404687 0.068750 0.065625
0 0.828125 0.453125 0.068750 0.065625
