0 0.195312 0.790625 0.068750 0.053125
0 0.209375 0.832812 0.062500 0.046875
3 0.461719 0.928125 0.067187 0.040625
3 0.167969 0.717969 0.064062 0.048438
3 0.229687 0.872656 0.068750 0.048438
3 0.428906 0.507031 0.045312 0.079687
3 0.188281 0.583594 0.051562 0.085938
3 0.195312 0.789062 0.071875 0.053125
3 0.271875 0.566406 0.050000 0.076563
3 0.154688 0.679688 0.071875 0.050000
3 0.471875 0.979688 0.068750 0.040625
3 0.235937 0.578125 0.046875 0.075000
3 0.441406 0.902344 0.070312 0.048438
3 0.402344 0.780469 0.070312 0.048438
3 0.411719 0.825000 0.064062 0.043750
3 0.371875 0.692187 0.071875 0.056250
