3 0.752344 0.578125 0.064062 0.046875
3 0.144531 0.814063 0.039062 0.068750
3 0.285156 0.766406 0.039062 0.067187
3 0.945312 0.808594 0.078125 0.057813
3 0.700000 0.967969 0.037500 0.054688
3 0.659375 0.963281 0.043750 0.067187
3 0.773438 0.418750 0.071875 0.050000
3 0.795312 0.975781 0.043750 0.048438
3 0.813281 0.622656 0.076563 0.048438
3 0.760938 0.975781 0.037500 0.048438
3 0.778125 0.783594 0.075000 0.051562
3 0.725781 0.767188 0.067187 0.050000
3 0.239063 0.378906 0.046875 0.085938
3 0.952344 0.986719 0.079687 0.026562
