3 0.249219 0.501563 0.045312 0.062500
1 0.140625 0.455469 0.078125 0.129688
3 0.056250 0.031250 0.050000 0.056250
3 0.081250 0.050781 0.053125 0.070312
3 0.366406 0.684375 0.042188 0.056250
3 0.196094 0.399219 0.051562 0.067187
3 0.157031 0.035156 0.048438 0.057813
3 0.023438 0.085156 0.043750 0.070312
3 0.099219 0.594531 0.045312 0.064062
3 0.296875 0.719531 0.043750 0.060937
3 0.950781 0.303125 0.076563 0.106250
3 0.173437 0.238281 0.053125 0.070312
3 0.332031 0.702344 0.045312 0.057813
3 0.753125 0.278906 0.056250 0.073438
3 0.717187 0.403125 0.037500 0.075000
3 0.269531 0.406250 0.042188 0.053125
3 0.566406 0.478125 0.039062 0.065625
3 0.231250 0.465625 0.040625 0.056250
3 0.718750 0.298438 0.053125 0.071875
3 0.639062 0.443750 0.037500 0.068750
3 0.657813 0.339062 0.053125 0.071875
3 0.028125 0.635156 0.043750 0.064062
3 0.071094 0.825781 0.045312 0.054688
3 0.257812 0.360156 0.053125 0.064062
