3 0.612500 0.815625 0.068750 0.065625
3 0.439844 0.240625 0.064062 0.065625
3 0.474219 0.272656 0.057813 0.070312
3 0.513281 0.715625 0.064062 0.065625
3 0.337500 0.495312 0.053125 0.065625
3 0.551562 0.900781 0.065625 0.070312
3 0.499219 0.957812 0.067187 0.068750
3 0.029687 0.267188 0.056250 0.068750
3 0.404687 0.853906 0.068750 0.067187
3 0.482812 0.691406 0.056250 0.054688
3 0.339062 0.182031 0.059375 0.067187
3 0.203906 0.376563 0.064062 0.078125
3 0.253906 0.663281 0.060937 0.064062
3 0.086719 0.304688 0.054688 0.056250
3 0.381250 0.196094 0.062500 0.073438
3 0.459375 0.663281 0.056250 0.054688
