3 0.987500 0.975781 0.025000 0.039062
3 0.610938 0.017188 0.050000 0.031250
3 0.563281 0.035937 0.057813 0.056250
3 0.308594 0.392969 0.048438 0.073438
3 0.671875 0.009375 0.050000 0.015625
3 0.024219 0.349219 0.045312 0.070312
3 0.548438 0.048438 0.053125 0.059375
3 0.095312 0.300000 0.050000 0.065625
3 0.371875 0.150000 0.053125 0.071875
3 0.461719 0.096094 0.045312 0.060937
3 0.249219 0.221094 0.048438 0.064062
3 0.124219 0.487500 0.051562 0.068750
3 0.646875 0.016406 0.046875 0.029687
3 0.245312 0.421094 0.046875 0.067187
3 0.517969 0.064062 0.057813 0.065625
3 0.221875 0.242969 0.053125 0.067187
3 0.399219 0.132031 0.054688 0.073438
3 0.068750 0.317969 0.050000 0.073438
3 0.093750 0.508594 0.050000 0.070312
3 0.064844 0.523438 0.048438 0.068750
3 0.431250 0.116406 0.050000 0.070312
3 0.128906 0.285938 0.051562 0.068750
3 0.192188 0.255469 0.050000 0.067187
3 0.034375 0.535937 0.046875 0.062500
3 0.219531 0.440625 0.045312 0.059375
3 0.492188 0.078906 0.053125 0.064062
3 0.311719 0.186719 0.048438 0.064062
3 0.186719 0.454688 0.048438 0.062500
3 0.280469 0.202344 0.051562 0.067187
3 0.344531 0.173437 0.048438 0.068750
3 0.037500 0.339844 0.053125 0.076563
3 0.580469 0.027344 0.048438 0.051562
3 0.160938 0.272656 0.050000 0.064062
3 0.157031 0.472656 0.048438 0.064062
3 0.280469 0.403906 0.048438 0.073438
