0 0.622656 0.351562 0.082812 0.075000
0 0.596094 0.384375 0.082812 0.075000
0 0.578906 0.437500 0.082812 0.075000
0 0.567969 0.476562 0.082812 0.075000
0 0.547656 0.525000 0.082812 0.075000
0 0.508594 0.570312 0.082812 0.075000
0 0.492969 0.614062 0.082812 0.075000
2 0.269531 0.100781 0.085938 0.117188
2 0.221094 0.082031 0.085938 0.117188
2 0.147656 0.072656 0.076563 0.117188
2 0.091406 0.050781 0.079687 0.098437
2 0.040625 0.045312 0.078125 0.087500
1 0.075000 0.489063 0.112500 0.140625
0 0.516406 0.103906 0.104688 0.085938
3 0.080469 0.812500 0.054688 0.090625
3 0.142187 0.855469 0.059375 0.085938
3 0.193750 0.868750 0.071875 0.109375
