0 0.615385 0.530048 0.086538 0.060096
0 0.612981 0.580529 0.086538 0.060096
0 0.603365 0.626202 0.086538 0.060096
0 0.653846 0.311298 0.086538 0.060096
0 0.659856 0.251202 0.088942 0.060096
0 0.664663 0.211538 0.088942 0.043269
0 0.638221 0.718750 0.050481 0.086538
0 0.685096 0.724760 0.057692 0.088942
0 0.740385 0.734375 0.057692 0.088942
0 0.788462 0.743990 0.057692 0.088942
0 0.881010 0.497596 0.050481 0.081731
0 0.926683 0.504808 0.050481 0.081731
0 0.974760 0.514423 0.050481 0.081731
3 0.305288 0.070913 0.048077 0.079327
3 0.191106 0.768029 0.045673 0.093750
