0 0.980469 0.106250 0.039062 0.065625
2 0.361719 0.097656 0.057813 0.098437
2 0.905469 0.042188 0.054688 0.075000
0 0.558594 0.741406 0.045312 0.082812
2 0.393750 0.200000 0.059375 0.100000
0 0.948438 0.029687 0.050000 0.056250
0 0.936719 0.116406 0.054688 0.073438
0 0.892188 0.142187 0.056250 0.071875
1 0.617969 0.696094 0.076563 0.151562
2 0.422656 0.295312 0.060937 0.093750
2 0.976562 0.807031 0.046875 0.085938
1 0.900781 0.645312 0.064062 0.112500
1 0.694531 0.672656 0.098437 0.139063
1 0.807813 0.480469 0.065625 0.107813
2 0.798438 0.155469 0.053125 0.079687
2 0.946094 0.828906 0.048438 0.079687
1 0.789062 0.560156 0.125000 0.220312
1 0.957812 0.602344 0.065625 0.120313
1 0.846094 0.461719 0.067187 0.114062
0 0.670312 0.508594 0.043750 0.073438
0 0.719531 0.160938 0.042188 0.071875
0 0.683594 0.725781 0.064062 0.076563
