1 0.025000 0.575000 0.046875 0.040625
4 0.281250 0.236719 0.093750 0.070312
4 0.091406 0.210156 0.076563 0.060937
4 0.110156 0.294531 0.085938 0.064062
1 0.494531 0.555469 0.101562 0.054688
1 0.122656 0.730469 0.095312 0.054688
0 0.343750 0.917188 0.071875 0.053125
1 0.035937 0.619531 0.068750 0.054688
1 0.129688 0.773438 0.100000 0.050000
0 0.326562 0.822656 0.059375 0.039062
1 0.029687 0.710156 0.053125 0.048438
0 0.358594 0.943750 0.054688 0.040625
0 0.110156 0.906250 0.054688 0.043750
1 0.257031 0.739844 0.098437 0.054688
1 0.033594 0.758594 0.064062 0.045312
0 0.439844 0.017188 0.060937 0.031250
0 0.139844 0.972656 0.060937 0.042188
4 0.335156 0.132812 0.079687 0.062500
1 0.975781 0.345313 0.048438 0.131250
1 0.257031 0.693750 0.107813 0.059375
0 0.393750 0.800781 0.059375 0.042188
0 0.208594 0.944531 0.057813 0.042188
0 0.383594 0.760938 0.054688 0.040625
0 0.197656 0.912500 0.057813 0.043750
0 0.253906 0.850000 0.060937 0.043750
0 0.100000 0.863281 0.059375 0.045312
0 0.021094 0.854688 0.039062 0.043750
0 0.026562 0.894531 0.050000 0.045312
1 0.232031 0.653125 0.104688 0.062500
0 0.311719 0.786719 0.064062 0.045312
0 0.186719 0.875781 0.057813 0.042188
0 0.342187 0.862500 0.059375 0.040625
0 0.464844 0.082812 0.057813 0.043750
0 0.267969 0.883594 0.057813 0.039062
1 0.116406 0.507812 0.135937 0.075000
0 0.171875 0.839063 0.059375 0.043750
0 0.222656 0.982812 0.057813 0.031250
0 0.048438 0.966406 0.059375 0.045312
0 0.124219 0.939063 0.060937 0.043750
0 0.291406 0.963281 0.057813 0.039062
1 0.015625 0.542188 0.028125 0.037500
4 0.174219 0.178906 0.076563 0.060937
4 0.050000 0.112500 0.075000 0.046875
4 0.073438 0.154688 0.075000 0.046875
4 0.150000 0.118750 0.075000 0.046875
4 0.145313 0.075000 0.075000 0.046875
4 0.235937 0.043750 0.075000 0.046875
4 0.281250 0.079687 0.075000 0.046875
4 0.043750 0.067187 0.075000 0.046875
4 0.131250 0.040625 0.075000 0.046875
4 0.214062 0.019531 0.071875 0.035937
4 0.262500 0.154688 0.075000 0.046875
