2 0.275781 0.636719 0.126562 0.098437
2 0.338281 0.747656 0.126562 0.098437
2 0.463281 0.969531 0.126562 0.057813
2 0.408594 0.896094 0.126562 0.098437
0 0.882812 0.451562 0.078125 0.065625
0 0.903125 0.501563 0.078125 0.065625
3 0.572656 0.446875 0.067187 0.084375
3 0.900781 0.886719 0.082812 0.060937
3 0.815625 0.725781 0.065625 0.048438
3 0.797656 0.685156 0.082812 0.060937
3 0.700000 0.474219 0.065625 0.048438
3 0.784375 0.638281 0.065625 0.048438
3 0.715625 0.507031 0.065625 0.048438
3 0.677344 0.442969 0.076563 0.054688
3 0.725781 0.542188 0.082812 0.062500
3 0.848437 0.778906 0.071875 0.051562
