2 0.716406 0.590625 0.120313 0.059375
1 0.696875 0.020313 0.050000 0.037500
2 0.746875 0.013281 0.053125 0.023438
2 0.272656 0.473438 0.045312 0.096875
2 0.976562 0.701562 0.046875 0.096875
2 0.957812 0.291406 0.078125 0.060937
2 0.843750 0.468750 0.112500 0.059375
2 0.224219 0.553125 0.057813 0.106250
2 0.353125 0.624219 0.053125 0.101562
4 0.450781 0.512500 0.070312 0.146875
2 0.529687 0.715625 0.093750 0.053125
2 0.950781 0.164062 0.051562 0.093750
2 0.750781 0.985156 0.082812 0.029687
2 0.092188 0.973437 0.103125 0.053125
2 0.494531 0.969531 0.098437 0.060937
2 0.504687 0.760156 0.100000 0.054688
2 0.678906 0.662500 0.110937 0.065625
4 0.381250 0.482031 0.059375 0.145313
2 0.761719 0.567187 0.129688 0.068750
2 0.655469 0.711719 0.114062 0.070312
2 0.702344 0.612500 0.107813 0.053125
2 0.406250 0.617969 0.056250 0.101562
2 0.251563 0.676562 0.068750 0.121875
2 0.040625 0.262500 0.065625 0.128125
2 0.958594 0.341406 0.082812 0.067187
2 0.646094 0.032031 0.057813 0.060937
2 0.571094 0.866406 0.098437 0.060937
2 0.885156 0.887500 0.089063 0.140625
2 0.135156 0.250781 0.054688 0.104688
2 0.449219 0.811719 0.114062 0.057813
2 0.474219 0.373437 0.051562 0.103125
2 0.850781 0.191406 0.107813 0.057813
2 0.221875 0.455469 0.050000 0.092188
2 0.105469 0.621094 0.054688 0.101562
2 0.590625 0.032031 0.050000 0.060937
2 0.632031 0.765625 0.107813 0.071875
2 0.628125 0.350781 0.056250 0.110937
2 0.894531 0.282031 0.057813 0.095312
2 0.610938 0.817187 0.103125 0.065625
2 0.512500 0.479687 0.056250 0.103125
2 0.747656 0.438281 0.095312 0.101562
2 0.121875 0.472656 0.050000 0.104688
2 0.541406 0.041406 0.060937 0.079687
2 0.206250 0.639844 0.053125 0.098437
2 0.339062 0.082812 0.056250 0.096875
2 0.448437 0.864062 0.112500 0.062500
2 0.923438 0.407031 0.109375 0.060937
2 0.185938 0.206250 0.059375 0.112500
2 0.157812 0.623437 0.059375 0.103125
2 0.394531 0.905469 0.110937 0.051562
2 0.578906 0.347656 0.054688 0.098437
2 0.678906 0.345313 0.054688 0.106250
2 0.735156 0.337500 0.060937 0.112500
2 0.383594 0.083594 0.060937 0.101562
1 0.038281 0.523438 0.060937 0.103125
2 0.964063 0.800000 0.071875 0.096875
2 0.837500 0.280469 0.056250 0.114062
2 0.489063 0.064844 0.062500 0.089063
2 0.548438 0.920312 0.106250 0.059375
2 0.365625 0.948438 0.112500 0.059375
2 0.532031 0.339062 0.051562 0.103125
2 0.780469 0.282031 0.057813 0.098437
2 0.794531 0.930469 0.076563 0.101562
2 0.438281 0.088281 0.067187 0.110937
2 0.839063 0.910156 0.078125 0.107813
2 0.241406 0.180469 0.060937 0.114062
2 0.292969 0.139844 0.060937 0.110937
2 0.286719 0.559375 0.057813 0.106250
2 0.828125 0.391406 0.065625 0.110937
