2 0.538281 0.834375 0.114062 0.062500
2 0.880469 0.082812 0.117188 0.062500
2 0.280469 0.966406 0.114062 0.060937
2 0.173437 0.902344 0.115625 0.060937
2 0.167187 0.957031 0.118750 0.057813
2 0.493750 0.371875 0.131250 0.062500
2 0.557813 0.722656 0.121875 0.060937
2 0.283594 0.914062 0.107813 0.059375
2 0.360156 0.524219 0.120313 0.060937
2 0.387500 0.355469 0.121875 0.057813
2 0.232813 0.564844 0.115625 0.060937
2 0.603906 0.390625 0.120313 0.062500
2 0.424219 0.818750 0.114062 0.059375
2 0.223438 0.622656 0.109375 0.060937
2 0.475781 0.482812 0.123438 0.068750
2 0.365625 0.467187 0.125000 0.068750
2 0.771875 0.068750 0.109375 0.062500
2 0.304688 0.801562 0.115625 0.062500
2 0.723437 0.407031 0.112500 0.057813
2 0.182031 0.844531 0.110937 0.060937
2 0.257812 0.453906 0.118750 0.064062
2 0.658594 0.055469 0.129688 0.060937
2 0.271094 0.346094 0.117188 0.060937
2 0.246875 0.510156 0.106250 0.060937
2 0.390625 0.296875 0.115625 0.065625
2 0.442188 0.703906 0.106250 0.060937
2 0.278125 0.288281 0.112500 0.060937
2 0.333594 0.636719 0.117188 0.064062
2 0.444531 0.653906 0.114062 0.060937
2 0.323437 0.692969 0.109375 0.064062
2 0.311719 0.747656 0.110937 0.060937
2 0.206250 0.732812 0.106250 0.059375
2 0.213281 0.678125 0.107813 0.062500
2 0.192188 0.789062 0.112500 0.062500
