3 0.646094 0.062500 0.067187 0.050000
3 0.641406 0.079687 0.070312 0.046875
3 0.864844 0.146094 0.076563 0.042188
3 0.626563 0.109375 0.068750 0.043750
3 0.775781 0.189062 0.064062 0.043750
3 0.594531 0.206250 0.060937 0.034375
3 0.853125 0.178906 0.071875 0.042188
3 0.664062 0.332031 0.046875 0.064062
3 0.670312 0.017969 0.062500 0.032813
3 0.905469 0.021875 0.073438 0.040625
3 0.988281 0.229687 0.020313 0.040625
3 0.603906 0.174219 0.064062 0.039062
3 0.652344 0.044531 0.067187 0.042188
3 0.618750 0.139063 0.065625 0.040625
3 0.812500 0.059375 0.068750 0.050000
3 0.794531 0.123438 0.064062 0.043750
