3 0.025781 0.340625 0.045312 0.068750
3 0.017188 0.355469 0.031250 0.073438
3 0.978906 0.109375 0.039062 0.059375
3 0.504687 0.075000 0.053125 0.065625
3 0.148438 0.275781 0.046875 0.060937
3 0.692187 0.256250 0.053125 0.087500
3 0.633594 0.019531 0.048438 0.035937
3 0.620313 0.964063 0.065625 0.053125
3 0.573438 0.037500 0.050000 0.062500
3 0.178906 0.256250 0.045312 0.065625
3 0.091406 0.304688 0.045312 0.065625
3 0.605469 0.027344 0.054688 0.051562
3 0.504687 0.377344 0.050000 0.067187
3 0.239063 0.221094 0.053125 0.076563
3 0.960156 0.766406 0.073438 0.067187
3 0.100000 0.595313 0.053125 0.068750
3 0.853125 0.174219 0.056250 0.073438
3 0.445312 0.103125 0.043750 0.059375
3 0.209375 0.241406 0.043750 0.067187
3 0.036719 0.625781 0.048438 0.064062
3 0.888281 0.163281 0.048438 0.064062
3 0.671875 0.279687 0.056250 0.084375
3 0.266406 0.206250 0.051562 0.068750
3 0.300781 0.191406 0.048438 0.067187
3 0.120313 0.289062 0.046875 0.062500
3 0.059375 0.322656 0.043750 0.057813
3 0.920312 0.150000 0.046875 0.065625
3 0.642188 0.295312 0.053125 0.078125
3 0.374219 0.435156 0.057813 0.079687
3 0.090625 0.198437 0.056250 0.078125
3 0.604688 0.306250 0.050000 0.065625
3 0.730469 0.245312 0.054688 0.078125
3 0.389844 0.142187 0.051562 0.068750
3 0.365625 0.172656 0.040625 0.057813
3 0.537500 0.050000 0.050000 0.062500
3 0.469531 0.393750 0.045312 0.065625
3 0.484375 0.094531 0.053125 0.067187
1 0.545312 0.334375 0.090625 0.090625
