2 0.673438 0.692187 0.081250 0.103125
2 0.621875 0.663281 0.078125 0.095312
2 0.596094 0.828906 0.079687 0.098437
2 0.539844 0.800781 0.082812 0.095312
2 0.057813 0.339062 0.078125 0.090625
2 0.103906 0.366406 0.079687 0.098437
2 0.150000 0.393750 0.081250 0.096875
2 0.198437 0.422656 0.081250 0.095312
2 0.246875 0.451562 0.084375 0.103125
2 0.314063 0.499219 0.078125 0.098437
2 0.360156 0.523438 0.079687 0.100000
2 0.415625 0.550781 0.075000 0.101562
2 0.467969 0.582031 0.082812 0.092188
2 0.523438 0.606250 0.078125 0.103125
2 0.571875 0.637500 0.078125 0.096875
