2 0.414844 0.219531 0.070312 0.107813
0 0.492188 0.169531 0.053125 0.082812
0 0.548438 0.174219 0.053125 0.082812
0 0.638281 0.191406 0.051562 0.089063
0 0.684375 0.192969 0.050000 0.089063
0 0.799219 0.214844 0.051562 0.089063
0 0.852344 0.217969 0.051562 0.089063
0 0.904687 0.224219 0.050000 0.089063
0 0.955469 0.236719 0.051562 0.089063
3 0.250000 0.567187 0.087500 0.062500
3 0.705469 0.852344 0.045312 0.089063
3 0.796875 0.869531 0.040625 0.098437
3 0.835938 0.872656 0.040625 0.092188
3 0.873437 0.876563 0.040625 0.093750
3 0.917188 0.889062 0.040625 0.090625
3 0.967187 0.896875 0.040625 0.090625
3 0.986719 0.700781 0.026562 0.042188
