1 0.705469 0.927344 0.057813 0.145313
3 0.740625 0.243750 0.068750 0.040625
1 0.320312 0.239063 0.090625 0.034375
0 0.328906 0.096094 0.076563 0.039062
3 0.756250 0.445312 0.071875 0.040625
3 0.759375 0.489063 0.078125 0.037500
0 0.319531 0.200781 0.073438 0.039062
1 0.046094 0.042188 0.085938 0.046875
1 0.043750 0.335156 0.081250 0.035937
1 0.044531 0.101562 0.085938 0.043750
0 0.317969 0.157031 0.076563 0.039062
1 0.049219 0.167969 0.089063 0.039062
3 0.782031 0.801562 0.073438 0.043750
0 0.310156 0.281250 0.070312 0.040625
3 0.932813 0.619531 0.078125 0.039062
1 0.039844 0.280469 0.076563 0.042188
3 0.911719 0.408594 0.079687 0.042188
3 0.912500 0.321094 0.075000 0.042188
3 0.912500 0.367188 0.075000 0.040625
3 0.748437 0.317188 0.068750 0.040625
3 0.916406 0.567187 0.073438 0.043750
3 0.963281 0.954688 0.073438 0.043750
1 0.049219 0.229687 0.095312 0.046875
