2 0.567187 0.966406 0.090625 0.045312
2 0.549219 0.553125 0.054688 0.096875
2 0.301563 0.634375 0.043750 0.103125
2 0.568750 0.918750 0.090625 0.043750
2 0.553125 0.454688 0.053125 0.087500
2 0.307812 0.442969 0.043750 0.092188
2 0.562500 0.871875 0.093750 0.050000
2 0.442969 0.547656 0.045312 0.095312
2 0.392188 0.644531 0.046875 0.095312
2 0.306250 0.538281 0.046875 0.101562
2 0.563281 0.822656 0.098437 0.048438
2 0.400000 0.542969 0.046875 0.095312
2 0.486719 0.649219 0.048438 0.089063
2 0.490625 0.546094 0.050000 0.095312
2 0.404687 0.447656 0.046875 0.089063
2 0.448437 0.445312 0.046875 0.087500
2 0.436719 0.650000 0.051562 0.090625
2 0.496094 0.452344 0.048438 0.082812
2 0.542969 0.651563 0.051562 0.100000
2 0.687500 0.455469 0.059375 0.095312
2 0.669531 0.559375 0.057813 0.100000
2 0.355469 0.446094 0.048438 0.089063
2 0.618750 0.556250 0.056250 0.096875
2 0.633594 0.457813 0.051562 0.090625
1 0.162500 0.782031 0.059375 0.167187
