0 0.059375 0.979688 0.037500 0.040625
0 0.108594 0.968750 0.073438 0.062500
1 0.843750 0.067969 0.068750 0.085938
0 0.196875 0.907813 0.065625 0.075000
0 0.807031 0.091406 0.070312 0.085938
2 0.752344 0.980469 0.085938 0.039062
0 0.356250 0.796094 0.065625 0.076563
0 0.150000 0.945312 0.062500 0.068750
2 0.253906 0.979688 0.089063 0.040625
2 0.206250 0.556250 0.075000 0.084375
2 0.376563 0.926562 0.090625 0.096875
2 0.805469 0.964844 0.092188 0.070312
2 0.846875 0.945312 0.090625 0.093750
2 0.310937 0.964063 0.090625 0.071875
2 0.675781 0.703906 0.085938 0.089063
2 0.461719 0.867969 0.095312 0.104688
1 0.422656 0.404687 0.114062 0.087500
1 0.562500 0.293750 0.106250 0.081250
2 0.403125 0.750781 0.075000 0.089063
2 0.548438 0.796875 0.087500 0.100000
1 0.467969 0.370312 0.110937 0.093750
1 0.517969 0.324219 0.110937 0.095312
2 0.480469 0.701562 0.073438 0.084375
2 0.896094 0.916406 0.089063 0.104688
2 0.418750 0.892969 0.090625 0.101562
2 0.503125 0.834375 0.081250 0.096875
2 0.634375 0.735938 0.084375 0.087500
2 0.561719 0.640625 0.076563 0.096875
1 0.232031 0.758594 0.104688 0.098437
2 0.717187 0.667188 0.087500 0.093750
2 0.639844 0.581250 0.070312 0.090625
2 0.017969 0.700000 0.032813 0.068750
2 0.039062 0.673438 0.075000 0.084375
2 0.067187 0.651563 0.075000 0.084375
2 0.104688 0.629687 0.075000 0.084375
2 0.134375 0.603125 0.075000 0.084375
2 0.173437 0.579688 0.075000 0.084375
0 0.232813 0.875000 0.065625 0.075000
