3 0.975000 0.071094 0.046875 0.060937
3 0.507812 0.954688 0.068750 0.056250
3 0.893750 0.021875 0.056250 0.040625
3 0.579688 0.848437 0.056250 0.046875
3 0.502344 0.673438 0.070312 0.056250
3 0.544531 0.910937 0.067187 0.056250
3 0.733594 0.110156 0.067187 0.057813
3 0.632812 0.750781 0.059375 0.048438
3 0.616406 0.781250 0.060937 0.050000
3 0.657813 0.722656 0.059375 0.051562
3 0.448437 0.762500 0.071875 0.059375
3 0.603906 0.818750 0.067187 0.053125
3 0.770312 0.071875 0.062500 0.056250
3 0.434375 0.146094 0.075000 0.064062
3 0.508594 0.428906 0.082812 0.070312
3 0.522656 0.936719 0.067187 0.054688
3 0.428125 0.788281 0.068750 0.054688
3 0.366406 0.875000 0.089063 0.078125
3 0.932031 0.044531 0.051562 0.057813
