1 0.734375 0.023438 0.078125 0.043750
0 0.892188 0.654687 0.062500 0.065625
0 0.474219 0.198437 0.048438 0.059375
1 0.489844 0.684375 0.073438 0.100000
2 0.121094 0.421875 0.070312 0.078125
2 0.968750 0.685937 0.056250 0.078125
1 0.527344 0.665625 0.073438 0.093750
1 0.265625 0.043750 0.096875 0.062500
1 0.282813 0.604688 0.103125 0.100000
1 0.694531 0.035937 0.082812 0.068750
1 0.457031 0.708594 0.073438 0.098437
2 0.196094 0.382031 0.067187 0.076563
0 0.067969 0.174219 0.060937 0.067187
4 0.573438 0.628125 0.075000 0.087500
2 0.162500 0.396094 0.068750 0.082812
2 0.227344 0.358594 0.060937 0.076563
2 0.267188 0.332031 0.062500 0.079687
1 0.359375 0.578125 0.090625 0.121875
1 0.405469 0.542188 0.092188 0.118750
0 0.530469 0.157031 0.048438 0.060937
0 0.333594 0.298438 0.048438 0.059375
0 0.361719 0.278125 0.048438 0.059375
1 0.660937 0.047656 0.087500 0.092188
