3 0.639062 0.961719 0.071875 0.054688
3 0.911719 0.556250 0.085938 0.056250
3 0.756250 0.785937 0.071875 0.050000
3 0.522656 0.182031 0.054688 0.064062
3 0.412500 0.577344 0.075000 0.060937
3 0.544531 0.206250 0.057813 0.062500
3 0.721094 0.853906 0.076563 0.070312
3 0.711719 0.314063 0.057813 0.062500
3 0.553125 0.675000 0.075000 0.059375
3 0.386719 0.906250 0.060937 0.053125
3 0.768750 0.350781 0.059375 0.060937
3 0.769531 0.752344 0.079687 0.064062
3 0.681250 0.907031 0.075000 0.057813
3 0.360938 0.546875 0.068750 0.062500
3 0.571875 0.771875 0.081250 0.068750
3 0.555469 0.402344 0.057813 0.060937
3 0.601562 0.235156 0.062500 0.073438
3 0.638281 0.458594 0.054688 0.060937
3 0.853906 0.633594 0.070312 0.057813
