3 0.917188 0.983594 0.075000 0.029687
2 0.340625 0.012500 0.059375 0.021875
3 0.839844 0.371875 0.067187 0.059375
3 0.889062 0.960938 0.068750 0.053125
3 0.863281 0.937500 0.067187 0.056250
3 0.594531 0.828906 0.076563 0.067187
3 0.738281 0.746094 0.060937 0.054688
3 0.785937 0.803906 0.056250 0.054688
2 0.102344 0.127344 0.060937 0.085938
1 0.034375 0.103906 0.062500 0.085938
2 0.178125 0.075000 0.059375 0.084375
2 0.292187 0.028125 0.062500 0.053125
3 0.704688 0.689063 0.068750 0.065625
2 0.252344 0.037500 0.067187 0.071875
3 0.546094 0.749219 0.076563 0.070312
3 0.760156 0.782031 0.060937 0.057813
3 0.485156 0.650781 0.073438 0.057813
2 0.142187 0.104688 0.059375 0.084375
0 0.229687 0.528906 0.059375 0.057813
2 0.216406 0.049219 0.064062 0.082812
3 0.944531 0.518750 0.067187 0.065625
