3 0.485938 0.406250 0.056250 0.090625
3 0.531250 0.390625 0.056250 0.090625
3 0.632812 0.607031 0.056250 0.101562
3 0.576562 0.607031 0.056250 0.101562
3 0.414062 0.626563 0.059375 0.103125
3 0.472656 0.632031 0.057813 0.089063
3 0.528906 0.628906 0.051562 0.079687
3 0.907031 0.467187 0.110937 0.378125
3 0.609375 0.810937 0.050000 0.087500
3 0.562500 0.812500 0.050000 0.087500
3 0.512500 0.821875 0.050000 0.087500
3 0.467187 0.820312 0.050000 0.087500
3 0.418750 0.825000 0.050000 0.087500
3 0.381250 0.834375 0.050000 0.087500
3 0.342969 0.847656 0.048438 0.073438
3 0.250000 0.668750 0.059375 0.103125
3 0.072656 0.821875 0.048438 0.087500
3 0.157812 0.528125 0.090625 0.056250
3 0.149219 0.439063 0.089063 0.046875
3 0.149219 0.390625 0.095312 0.053125
3 0.153906 0.332813 0.089063 0.046875
3 0.153906 0.179688 0.089063 0.046875
3 0.148438 0.114844 0.100000 0.060937
3 0.135156 0.057813 0.089063 0.046875
3 0.159375 0.273438 0.075000 0.037500
