1 0.371094 0.151562 0.123438 0.087500
3 0.986719 0.897656 0.023438 0.076563
3 0.103125 0.169531 0.040625 0.060937
3 0.738281 0.334375 0.085938 0.078125
3 0.972656 0.885938 0.051562 0.075000
3 0.138281 0.193750 0.039062 0.075000
3 0.451562 0.355469 0.068750 0.042188
3 0.427344 0.389062 0.073438 0.046875
3 0.175781 0.214844 0.042188 0.073438
3 0.038281 0.105469 0.048438 0.082812
3 0.904687 0.964844 0.065625 0.070312
3 0.073438 0.129688 0.043750 0.071875
3 0.867969 0.939844 0.064062 0.076563
3 0.490625 0.292969 0.071875 0.042188
3 0.950000 0.860156 0.059375 0.067187
3 0.835938 0.889062 0.056250 0.068750
4 0.639844 0.467187 0.073438 0.093750
