1 0.646094 0.271094 0.054688 0.139063
1 0.525781 0.048438 0.139063 0.043750
0 0.900781 0.021094 0.039062 0.039062
0 0.857812 0.017969 0.040625 0.032813
1 0.805469 0.466406 0.035937 0.092188
1 0.957812 0.232813 0.053125 0.100000
1 0.858594 0.488281 0.042188 0.098437
1 0.538281 0.094531 0.160938 0.048438
1 0.254688 0.970313 0.112500 0.040625
1 0.906250 0.236719 0.050000 0.101562
1 0.854688 0.247656 0.053125 0.114062
1 0.682813 0.038281 0.165625 0.048438
1 0.696094 0.264844 0.054688 0.139063
1 0.697656 0.394531 0.054688 0.139063
1 0.655469 0.421094 0.054688 0.139063
1 0.759375 0.241406 0.056250 0.107813
1 0.807031 0.239844 0.051562 0.126562
1 0.763281 0.469531 0.045312 0.145313
1 0.757812 0.347656 0.043750 0.095312
1 0.809375 0.357031 0.043750 0.095312
1 0.851562 0.371094 0.043750 0.095312
0 0.899219 0.343750 0.035937 0.068750
0 0.911719 0.420312 0.035937 0.068750
0 0.936719 0.325000 0.035937 0.068750
0 0.971094 0.323437 0.035937 0.068750
0 0.942969 0.393750 0.035937 0.068750
0 0.977344 0.392188 0.035937 0.068750
