3 0.992188 0.721875 0.015625 0.062500
3 0.986719 0.796094 0.023438 0.054688
3 0.226562 0.467969 0.056250 0.035937
3 0.020313 0.666406 0.037500 0.029687
3 0.014844 0.732031 0.026562 0.029687
3 0.021875 0.979688 0.040625 0.025000
3 0.917188 0.251563 0.062500 0.037500
3 0.031250 0.528906 0.053125 0.029687
3 0.304688 0.480469 0.059375 0.035937
3 0.787500 0.944531 0.034375 0.064062
3 0.021094 0.599219 0.039062 0.029687
3 0.857031 0.517188 0.035937 0.068750
3 0.021875 0.942969 0.040625 0.029687
3 0.046094 0.489844 0.064062 0.035937
3 0.028906 0.564844 0.054688 0.029687
3 0.018750 0.699219 0.034375 0.029687
3 0.021094 0.633594 0.039062 0.029687
3 0.022656 0.907031 0.042188 0.029687
3 0.022656 0.872656 0.042188 0.029687
3 0.821094 0.507812 0.035937 0.068750
3 0.935156 0.789844 0.032813 0.070312
