1 0.032031 0.033594 0.060937 0.064062
3 0.073438 0.796094 0.096875 0.142187
3 0.571875 0.883594 0.081250 0.067187
3 0.525000 0.816406 0.078125 0.060937
3 0.432812 0.655469 0.078125 0.054688
3 0.603906 0.956250 0.079687 0.059375
3 0.496875 0.753906 0.078125 0.060937
3 0.588281 0.918750 0.079687 0.059375
3 0.446875 0.692187 0.081250 0.056250
3 0.032031 0.637500 0.060937 0.125000
3 0.125000 0.878125 0.109375 0.153125
3 0.159375 0.910937 0.109375 0.153125
3 0.185938 0.944531 0.090625 0.110937
3 0.229687 0.967969 0.065625 0.064062
