0 0.210156 0.769531 0.048438 0.060937
0 0.257031 0.847656 0.042188 0.073438
0 0.444531 0.876563 0.029687 0.068750
0 0.571094 0.822656 0.035937 0.067187
1 0.523438 0.539844 0.034375 0.070312
0 0.389062 0.868750 0.050000 0.062500
1 0.759375 0.558594 0.037500 0.070312
0 0.143750 0.826562 0.037500 0.071875
0 0.266406 0.509375 0.035937 0.062500
0 0.013281 0.468750 0.023438 0.062500
0 0.763281 0.481250 0.042188 0.062500
0 0.010937 0.736719 0.018750 0.067187
0 0.832812 0.870313 0.037500 0.065625
0 0.077344 0.481250 0.039062 0.065625
0 0.256250 0.847656 0.040625 0.070312
0 0.522656 0.540625 0.035937 0.068750
0 0.644531 0.844531 0.039062 0.076563
0 0.596875 0.901563 0.034375 0.065625
0 0.683594 0.850781 0.039062 0.073438
0 0.045312 0.471875 0.040625 0.065625
0 0.617969 0.545312 0.039062 0.062500
1 0.709375 0.089063 0.075000 0.131250
0 0.496094 0.809375 0.035937 0.068750
0 0.532813 0.817969 0.037500 0.076563
0 0.575781 0.541406 0.035937 0.064062
0 0.491406 0.540625 0.032813 0.059375
0 0.704688 0.553125 0.037500 0.065625
0 0.153125 0.493750 0.037500 0.062500
0 0.482812 0.889062 0.037500 0.078125
0 0.759375 0.558594 0.037500 0.067187
0 0.800781 0.567969 0.039062 0.067187
0 0.063281 0.978906 0.064062 0.042188
0 0.602344 0.830469 0.035937 0.064062
0 0.805469 0.482031 0.039062 0.064062
0 0.106250 0.823438 0.037500 0.071875
0 0.265625 0.511719 0.037500 0.060937
0 0.278906 0.667188 0.064062 0.046875
0 0.114844 0.750781 0.035937 0.060937
0 0.150781 0.756250 0.039062 0.062500
0 0.458594 0.806250 0.035937 0.065625
0 0.191406 0.499219 0.039062 0.060937
0 0.558594 0.894531 0.039062 0.064062
0 0.228125 0.505469 0.037500 0.060937
0 0.039844 0.741406 0.039062 0.067187
0 0.113281 0.487500 0.039062 0.065625
0 0.871875 0.877344 0.037500 0.060937
0 0.078906 0.746094 0.039062 0.067187
0 0.518750 0.889844 0.040625 0.064062
1 0.185938 0.339844 0.053125 0.107813
0 0.228906 0.772656 0.039062 0.064062
0 0.027344 0.806250 0.045312 0.062500
0 0.377344 0.797656 0.039062 0.060937
1 0.592969 0.050781 0.070312 0.098437
0 0.115625 0.751563 0.034375 0.062500
0 0.067187 0.816406 0.037500 0.064062
0 0.417969 0.801562 0.039062 0.065625
1 0.015625 0.314063 0.028125 0.112500
0 0.294531 0.855469 0.039062 0.070312
0 0.932031 0.504687 0.042188 0.059375
0 0.446094 0.880469 0.035937 0.070312
0 0.367188 0.867188 0.037500 0.068750
0 0.301563 0.517969 0.034375 0.060937
0 0.342969 0.790625 0.035937 0.059375
1 0.166406 0.894531 0.104688 0.045312
0 0.303906 0.782813 0.035937 0.062500
1 0.250781 0.046875 0.067187 0.090625
1 0.403906 0.052344 0.070312 0.101562
0 0.855469 0.493750 0.042188 0.065625
0 0.328906 0.859375 0.039062 0.068750
0 0.452344 0.541406 0.035937 0.064062
1 0.757031 0.342969 0.207813 0.114062
0 0.792188 0.861719 0.037500 0.067187
0 0.339844 0.528906 0.035937 0.057813
0 0.377344 0.530469 0.032813 0.057813
0 0.644531 0.658594 0.045312 0.057813
0 0.407031 0.871875 0.035937 0.062500
1 0.086719 0.332031 0.051562 0.101562
0 0.190625 0.767188 0.037500 0.056250
0 0.414062 0.536719 0.034375 0.057813
0 0.262500 0.776563 0.034375 0.059375
1 0.546875 0.037500 0.053125 0.071875
1 0.339844 0.260156 0.239063 0.085938
1 0.643750 0.396875 0.056250 0.100000
1 0.313281 0.052344 0.070312 0.101562
1 0.039844 0.322656 0.054688 0.120313
1 0.581250 0.399219 0.046875 0.123438
1 0.447656 0.062500 0.073438 0.121875
1 0.751563 0.096875 0.075000 0.131250
1 0.800000 0.096094 0.075000 0.142187
0 0.762500 0.858594 0.037500 0.067187
0 0.718750 0.850781 0.037500 0.067187
0 0.722656 0.468750 0.042188 0.062500
0 0.358594 0.692187 0.064062 0.046875
0 0.432031 0.706250 0.064062 0.046875
0 0.497656 0.717187 0.064062 0.046875
0 0.574219 0.734375 0.064062 0.046875
0 0.642969 0.746875 0.064062 0.046875
0 0.735156 0.773438 0.064062 0.046875
0 0.634375 0.907813 0.034375 0.065625
0 0.671875 0.910937 0.034375 0.065625
0 0.700000 0.976562 0.059375 0.043750
0 0.370312 0.923438 0.059375 0.043750
0 0.301563 0.910937 0.059375 0.043750
0 0.014844 0.979688 0.026562 0.040625
