3 0.878125 0.618750 0.053125 0.068750
3 0.796094 0.474219 0.048438 0.064062
3 0.504687 0.640625 0.046875 0.065625
3 0.948438 0.389062 0.056250 0.075000
3 0.682031 0.535156 0.048438 0.070312
3 0.977344 0.370312 0.042188 0.068750
3 0.467969 0.651563 0.045312 0.062500
3 0.975781 0.571094 0.042188 0.060937
3 0.768750 0.485156 0.046875 0.064062
3 0.650781 0.556250 0.051562 0.078125
3 0.618750 0.573438 0.050000 0.071875
3 0.738281 0.503125 0.048438 0.062500
3 0.563281 0.612500 0.051562 0.068750
3 0.830469 0.458594 0.048438 0.067187
3 0.942969 0.590625 0.045312 0.062500
3 0.859375 0.437500 0.050000 0.068750
3 0.917188 0.404687 0.050000 0.075000
3 0.590625 0.590625 0.046875 0.065625
3 0.533594 0.626563 0.048438 0.065625
3 0.707812 0.521094 0.046875 0.067187
