0 0.385937 0.027344 0.050000 0.051562
0 0.489844 0.149219 0.045312 0.070312
0 0.510156 0.215625 0.042188 0.065625
3 0.246875 0.166406 0.068750 0.045312
0 0.466406 0.082031 0.042188 0.057813
3 0.232813 0.132812 0.071875 0.046875
0 0.414062 0.096875 0.043750 0.059375
3 0.255469 0.199219 0.073438 0.048438
3 0.275781 0.261719 0.070312 0.045312
3 0.307031 0.362500 0.064062 0.043750
0 0.479687 0.301563 0.037500 0.062500
3 0.126562 0.064844 0.046875 0.073438
0 0.432812 0.164062 0.046875 0.068750
0 0.460938 0.222656 0.046875 0.070312
3 0.207813 0.035156 0.071875 0.048438
