2 0.941406 0.882812 0.064062 0.115625
2 0.897656 0.237500 0.089063 0.087500
2 0.594531 0.981250 0.051562 0.034375
2 0.968750 0.296875 0.062500 0.118750
2 0.977344 0.841406 0.045312 0.114062
2 0.854688 0.400000 0.106250 0.056250
2 0.096875 0.937500 0.103125 0.093750
2 0.863281 0.346094 0.104688 0.064062
2 0.843750 0.446094 0.103125 0.057813
2 0.943750 0.557031 0.106250 0.073438
2 0.639062 0.977344 0.062500 0.045312
2 0.624219 0.852344 0.098437 0.070312
2 0.828125 0.718750 0.096875 0.071875
2 0.768750 0.602344 0.065625 0.089063
2 0.694531 0.972656 0.054688 0.051562
2 0.855469 0.521875 0.104688 0.075000
2 0.883594 0.894531 0.057813 0.107813
2 0.940625 0.682813 0.109375 0.071875
2 0.728906 0.823438 0.098437 0.071875
2 0.739062 0.957031 0.053125 0.085938
2 0.940625 0.742188 0.103125 0.078125
2 0.794531 0.953906 0.064062 0.092188
2 0.612500 0.803906 0.100000 0.067187
2 0.950000 0.611719 0.100000 0.073438
2 0.834375 0.794531 0.106250 0.082812
2 0.615625 0.748437 0.106250 0.071875
2 0.725781 0.762500 0.098437 0.071875
2 0.741406 0.696875 0.104688 0.071875
2 0.821875 0.067187 0.075000 0.100000
