3 0.500781 0.845313 0.051562 0.068750
3 0.474219 0.856250 0.054688 0.062500
3 0.718750 0.597656 0.053125 0.070312
3 0.892969 0.624219 0.054688 0.070312
3 0.214844 0.612500 0.048438 0.068750
3 0.084375 0.834375 0.065625 0.053125
3 0.750781 0.581250 0.051562 0.068750
3 0.247656 0.596875 0.048438 0.065625
3 0.834375 0.655469 0.053125 0.070312
3 0.052344 0.804688 0.067187 0.053125
3 0.814844 0.551562 0.051562 0.081250
3 0.157031 0.075781 0.051562 0.045312
3 0.442188 0.877344 0.053125 0.073438
3 0.532031 0.822656 0.051562 0.070312
3 0.849219 0.533594 0.051562 0.073438
3 0.395313 0.790625 0.056250 0.075000
3 0.785937 0.569531 0.053125 0.070312
