2 0.314063 0.133594 0.056250 0.095312
2 0.557031 0.175000 0.070312 0.093750
2 0.671094 0.192188 0.060937 0.093750
2 0.971094 0.228906 0.054688 0.092188
3 0.654687 0.750781 0.040625 0.092188
3 0.717187 0.946875 0.043750 0.081250
3 0.447656 0.724219 0.039062 0.073438
3 0.405469 0.716406 0.039062 0.073438
3 0.360156 0.707031 0.039062 0.073438
3 0.321094 0.701562 0.042188 0.087500
3 0.193750 0.678125 0.037500 0.081250
3 0.110937 0.668750 0.037500 0.081250
3 0.067187 0.654687 0.037500 0.081250
3 0.037500 0.835938 0.037500 0.081250
3 0.076563 0.843750 0.037500 0.081250
3 0.121875 0.843750 0.037500 0.081250
3 0.200781 0.871094 0.048438 0.076563
3 0.425000 0.904687 0.043750 0.081250
3 0.380469 0.907813 0.042188 0.075000
3 0.341406 0.901563 0.042188 0.075000
2 0.804688 0.220312 0.062500 0.087500
3 0.025000 0.654687 0.031250 0.075000
3 0.150000 0.674219 0.037500 0.092188
3 0.234375 0.690625 0.050000 0.090625
3 0.460938 0.901563 0.043750 0.075000
3 0.246094 0.874219 0.048438 0.076563
3 0.288281 0.871094 0.048438 0.076563
3 0.019531 0.912500 0.035937 0.081250
3 0.064062 0.937500 0.043750 0.087500
3 0.186719 0.953906 0.048438 0.076563
3 0.227344 0.953906 0.048438 0.076563
3 0.274219 0.961719 0.048438 0.076563
3 0.314063 0.967969 0.046875 0.064062
3 0.357031 0.975781 0.042188 0.048438
3 0.985938 0.802344 0.028125 0.076563
