2 0.030469 0.957031 0.051562 0.082812
2 0.094531 0.953906 0.051562 0.092188
2 0.021875 0.109375 0.040625 0.078125
2 0.029687 0.957031 0.053125 0.082812
2 0.105469 0.565625 0.057813 0.131250
2 0.044531 0.687500 0.051562 0.109375
2 0.323437 0.685156 0.115625 0.054688
2 0.099219 0.692187 0.054688 0.109375
2 0.678125 0.707031 0.109375 0.048438
2 0.018750 0.028906 0.034375 0.054688
2 0.668750 0.762500 0.100000 0.056250
2 0.550000 0.921094 0.109375 0.057813
2 0.337500 0.357031 0.118750 0.060937
2 0.672656 0.380469 0.110937 0.057813
2 0.569531 0.596094 0.110937 0.057813
2 0.441406 0.419531 0.110937 0.060937
2 0.435156 0.696094 0.110937 0.051562
2 0.659375 0.935156 0.112500 0.060937
2 0.449219 0.365625 0.110937 0.059375
2 0.433594 0.749219 0.110937 0.057813
2 0.563281 0.375781 0.117188 0.060937
2 0.677344 0.544531 0.101562 0.051562
2 0.569531 0.651563 0.107813 0.053125
2 0.563281 0.538281 0.110937 0.060937
2 0.438281 0.644531 0.110937 0.057813
2 0.450000 0.481250 0.115625 0.056250
2 0.659375 0.875781 0.096875 0.057813
2 0.684375 0.600781 0.106250 0.057813
2 0.430469 0.803125 0.114062 0.056250
2 0.332031 0.632031 0.107813 0.057813
2 0.338281 0.469531 0.104688 0.057813
2 0.672656 0.438281 0.107813 0.057813
2 0.674219 0.492188 0.104688 0.056250
2 0.550781 0.867188 0.107813 0.059375
2 0.563281 0.485938 0.107813 0.056250
2 0.558594 0.427344 0.110937 0.060937
2 0.339062 0.523438 0.112500 0.056250
2 0.446875 0.532813 0.112500 0.056250
2 0.418750 0.911719 0.109375 0.060937
2 0.683594 0.656250 0.107813 0.056250
2 0.425000 0.857812 0.112500 0.056250
2 0.553906 0.814063 0.114062 0.062500
2 0.447656 0.585938 0.114062 0.056250
2 0.334375 0.576562 0.109375 0.059375
2 0.667188 0.820312 0.109375 0.062500
2 0.570312 0.703906 0.106250 0.054688
2 0.558594 0.755469 0.110937 0.057813
2 0.097656 0.832812 0.054688 0.115625
2 0.032813 0.828125 0.062500 0.112500
