3 0.453125 0.553906 0.031250 0.064062
3 0.196875 0.371875 0.034375 0.075000
3 0.607031 0.682031 0.057813 0.026562
3 0.297656 0.379688 0.035937 0.068750
3 0.175000 0.540625 0.034375 0.078125
3 0.107031 0.543750 0.032813 0.071875
3 0.607031 0.952344 0.064062 0.032813
3 0.312500 0.553906 0.034375 0.076563
3 0.374219 0.794531 0.035937 0.073438
3 0.244531 0.539062 0.032813 0.071875
3 0.361719 0.382812 0.035937 0.068750
3 0.471094 0.381250 0.035937 0.068750
3 0.508594 0.385937 0.035937 0.068750
3 0.420312 0.550781 0.031250 0.064062
