3 0.428125 0.961719 0.043750 0.057813
3 0.283594 0.850781 0.060937 0.045312
3 0.078125 0.014844 0.056250 0.026562
3 0.462500 0.948438 0.046875 0.062500
3 0.021094 0.275000 0.039062 0.062500
3 0.362500 0.049219 0.056250 0.051562
3 0.139063 0.932813 0.068750 0.046875
3 0.516406 0.921094 0.051562 0.070312
3 0.047656 0.082031 0.060937 0.057813
3 0.158594 0.178906 0.054688 0.057813
3 0.385156 0.966406 0.042188 0.057813
3 0.676562 0.650000 0.062500 0.062500
3 0.062500 0.970313 0.081250 0.053125
3 0.741406 0.614062 0.054688 0.065625
3 0.484375 0.932031 0.046875 0.064062
3 0.117969 0.055469 0.054688 0.057813
3 0.093750 0.128906 0.056250 0.060937
3 0.417187 0.032031 0.065625 0.060937
3 0.356250 0.807813 0.087500 0.062500
3 0.518750 0.725781 0.078125 0.051562
3 0.767188 0.785937 0.046875 0.059375
3 0.639062 0.851562 0.046875 0.065625
3 0.617188 0.870313 0.046875 0.065625
3 0.571875 0.882812 0.046875 0.065625
3 0.546875 0.906250 0.046875 0.065625
