3 0.760938 0.692187 0.037500 0.068750
3 0.560156 0.514844 0.051562 0.073438
3 0.349219 0.520312 0.042188 0.062500
3 0.643750 0.611719 0.065625 0.039062
3 0.725781 0.692969 0.035937 0.067187
3 0.389844 0.522656 0.039062 0.070312
3 0.832031 0.691406 0.039062 0.070312
3 0.429688 0.521094 0.037500 0.070312
3 0.625781 0.518750 0.039062 0.075000
3 0.871875 0.693750 0.034375 0.075000
3 0.933594 0.692969 0.035937 0.073438
3 0.585938 0.517969 0.037500 0.076563
3 0.970313 0.696875 0.034375 0.068750
3 0.798438 0.693750 0.037500 0.071875
3 0.464844 0.706250 0.039062 0.087500
3 0.704688 0.520312 0.037500 0.075000
3 0.686719 0.698438 0.039062 0.084375
3 0.577344 0.690625 0.035937 0.078125
3 0.776563 0.510938 0.037500 0.075000
3 0.737500 0.513281 0.034375 0.073438
