1 0.370312 0.962500 0.171875 0.075000
3 0.989844 0.785937 0.020313 0.068750
3 0.460156 0.600781 0.042188 0.054688
3 0.975000 0.599219 0.040625 0.057813
3 0.285938 0.378906 0.046875 0.064062
3 0.385156 0.278125 0.045312 0.059375
3 0.325000 0.375000 0.046875 0.059375
3 0.367969 0.315625 0.045312 0.062500
3 0.060937 0.517969 0.046875 0.064062
3 0.207031 0.443750 0.048438 0.065625
3 0.121094 0.797656 0.048438 0.060937
3 0.944531 0.625000 0.051562 0.071875
3 0.350000 0.344531 0.046875 0.060937
3 0.107031 0.503125 0.039062 0.056250
3 0.490625 0.585156 0.043750 0.057813
3 0.416406 0.274219 0.048438 0.064062
3 0.087500 0.817187 0.050000 0.065625
3 0.144531 0.771094 0.048438 0.060937
3 0.258594 0.725000 0.051562 0.065625
3 0.355469 0.671094 0.051562 0.064062
3 0.239063 0.424219 0.043750 0.064062
