0 0.799219 0.239844 0.042188 0.070312
0 0.857031 0.204687 0.048438 0.062500
0 0.725781 0.269531 0.045312 0.060937
0 0.754687 0.247656 0.043750 0.064062
0 0.690625 0.282813 0.040625 0.059375
0 0.821094 0.217969 0.048438 0.067187
0 0.492188 0.349219 0.046875 0.067187
0 0.457813 0.353906 0.046875 0.067187
0 0.421875 0.358594 0.046875 0.067187
0 0.592187 0.321094 0.046875 0.067187
0 0.886719 0.187500 0.048438 0.062500
0 0.921094 0.179688 0.048438 0.062500
0 0.460156 0.199219 0.070312 0.048438
0 0.452344 0.158594 0.070312 0.048438
0 0.452344 0.124219 0.070312 0.048438
0 0.439844 0.085156 0.070312 0.048438
0 0.430469 0.049219 0.070312 0.048438
0 0.421875 0.017969 0.071875 0.032813
1 0.177344 0.226562 0.135937 0.065625
1 0.137500 0.011719 0.103125 0.020313
1 0.142187 0.033594 0.106250 0.045312
1 0.145313 0.069531 0.106250 0.045312
1 0.161719 0.107813 0.107813 0.053125
1 0.169531 0.143750 0.107813 0.053125
1 0.178906 0.178125 0.107813 0.053125
