3 0.483594 0.637500 0.051562 0.059375
3 0.016406 0.327344 0.029687 0.067187
3 0.075000 0.167187 0.050000 0.059375
3 0.121875 0.640625 0.062500 0.071875
3 0.748437 0.171094 0.056250 0.067187
3 0.078125 0.644531 0.046875 0.067187
3 0.204687 0.160938 0.043750 0.062500
3 0.125000 0.167969 0.040625 0.064062
3 0.725781 0.321094 0.060937 0.067187
3 0.054688 0.322656 0.046875 0.064062
3 0.600000 0.310156 0.050000 0.064062
3 0.540625 0.145313 0.050000 0.065625
3 0.910937 0.493750 0.053125 0.068750
3 0.133594 0.321875 0.042188 0.059375
3 0.402344 0.314063 0.051562 0.062500
3 0.092188 0.317969 0.046875 0.067187
3 0.042188 0.104688 0.050000 0.059375
3 0.640625 0.051562 0.050000 0.065625
3 0.753125 0.087500 0.050000 0.065625
3 0.787500 0.095312 0.050000 0.065625
3 0.937500 0.564063 0.053125 0.068750
3 0.449219 0.637500 0.051562 0.059375
3 0.400781 0.639062 0.051562 0.059375
3 0.533594 0.637500 0.051562 0.059375
3 0.567969 0.631250 0.051562 0.059375
3 0.607031 0.639062 0.051562 0.059375
3 0.475781 0.310937 0.051562 0.062500
