3 0.827344 0.010937 0.039062 0.018750
1 0.475781 0.988281 0.101562 0.023438
1 0.060156 0.808594 0.117188 0.048438
1 0.295312 0.977344 0.200000 0.045312
1 0.177344 0.738281 0.170313 0.067187
1 0.984375 0.687500 0.031250 0.156250
1 0.050000 0.718750 0.093750 0.050000
1 0.410156 0.527344 0.048438 0.114062
1 0.331250 0.747656 0.156250 0.057813
1 0.039844 0.760156 0.076563 0.048438
1 0.353125 0.898438 0.121875 0.056250
1 0.961719 0.678125 0.042188 0.159375
3 0.305469 0.021875 0.035937 0.040625
0 0.014844 0.853125 0.026562 0.046875
3 0.442969 0.271875 0.042188 0.084375
3 0.360938 0.096875 0.034375 0.065625
1 0.823438 0.718750 0.040625 0.109375
3 0.343750 0.241406 0.040625 0.067187
1 0.475000 0.956250 0.115625 0.046875
1 0.475000 0.910156 0.118750 0.051562
3 0.339062 0.021875 0.031250 0.040625
1 0.881250 0.622656 0.050000 0.139063
1 0.837500 0.588281 0.046875 0.110937
1 0.489063 0.874219 0.109375 0.048438
3 0.175000 0.234375 0.043750 0.087500
3 0.069531 0.223438 0.039062 0.078125
1 0.918750 0.632031 0.050000 0.132812
