3 0.489844 0.981250 0.048438 0.037500
3 0.085938 0.408594 0.056250 0.048438
3 0.042969 0.534375 0.054688 0.040625
3 0.064062 0.462500 0.065625 0.043750
3 0.603125 0.577344 0.071875 0.042188
3 0.296875 0.687500 0.046875 0.075000
3 0.514062 0.975781 0.050000 0.048438
3 0.474219 0.985156 0.045312 0.029687
3 0.678125 0.390625 0.068750 0.046875
3 0.091406 0.393750 0.064062 0.040625
3 0.014844 0.248438 0.026562 0.040625
3 0.230469 0.657813 0.045312 0.071875
3 0.612500 0.542969 0.068750 0.045312
3 0.638281 0.477344 0.064062 0.045312
3 0.662500 0.422656 0.075000 0.045312
3 0.121875 0.616406 0.037500 0.064062
3 0.628125 0.514062 0.068750 0.043750
3 0.043750 0.113281 0.040625 0.067187
3 0.263281 0.671875 0.042188 0.068750
3 0.194531 0.643750 0.045312 0.071875
3 0.159375 0.632031 0.040625 0.064062
3 0.086719 0.606250 0.039062 0.059375
3 0.560156 0.678125 0.076563 0.050000
3 0.114062 0.327344 0.062500 0.042188
3 0.078125 0.429688 0.059375 0.040625
3 0.100781 0.360938 0.067187 0.043750
3 0.380469 0.704688 0.045312 0.075000
3 0.588281 0.610156 0.073438 0.045312
3 0.334375 0.699219 0.040625 0.064062
3 0.052344 0.501563 0.054688 0.034375
3 0.081250 0.125781 0.040625 0.067187
3 0.028125 0.562500 0.053125 0.040625
3 0.546094 0.964063 0.048438 0.062500
3 0.580469 0.945312 0.048438 0.062500
