2 0.225781 0.145313 0.070312 0.084375
2 0.265625 0.123438 0.068750 0.078125
2 0.182812 0.173437 0.075000 0.084375
2 0.146875 0.209375 0.059375 0.068750
1 0.741406 0.242188 0.057813 0.156250
2 0.307031 0.088281 0.067187 0.079687
2 0.346875 0.059375 0.065625 0.078125
2 0.026562 0.286719 0.050000 0.089063
2 0.052344 0.260937 0.076563 0.087500
2 0.378906 0.034375 0.067187 0.065625
1 0.639062 0.303906 0.053125 0.145313
1 0.687500 0.272656 0.056250 0.142187
1 0.590625 0.346875 0.053125 0.159375
1 0.504687 0.392188 0.053125 0.137500
2 0.093750 0.227344 0.078125 0.095312
