1 0.946094 0.974219 0.089063 0.039062
1 0.331250 0.984375 0.153125 0.031250
1 0.237500 0.330469 0.143750 0.051562
1 0.970313 0.650000 0.053125 0.046875
1 0.955469 0.846094 0.079687 0.048438
0 0.475000 0.048438 0.106250 0.053125
1 0.458594 0.196875 0.104688 0.043750
1 0.479687 0.014844 0.109375 0.026562
1 0.950781 0.934375 0.082812 0.046875
1 0.966406 0.693750 0.064062 0.046875
1 0.463281 0.132031 0.107813 0.045312
1 0.955469 0.891406 0.079687 0.048438
1 0.966406 0.599219 0.064062 0.051562
1 0.339062 0.958594 0.146875 0.057813
0 0.278906 0.278125 0.079687 0.046875
1 0.411719 0.569531 0.104688 0.045312
1 0.432812 0.328906 0.112500 0.045312
1 0.442188 0.289062 0.109375 0.043750
1 0.428906 0.450781 0.101562 0.039062
1 0.424219 0.489063 0.110937 0.040625
1 0.349219 0.918750 0.142187 0.065625
1 0.410938 0.525781 0.118750 0.045312
1 0.434375 0.369531 0.103125 0.042188
1 0.464062 0.088281 0.112500 0.045312
0 0.954688 0.409375 0.056250 0.034375
1 0.432031 0.412500 0.098437 0.040625
1 0.392969 0.648438 0.120313 0.043750
1 0.439844 0.242969 0.110937 0.048438
0 0.875781 0.489063 0.051562 0.031250
1 0.389844 0.722656 0.126562 0.045312
1 0.460156 0.164844 0.104688 0.045312
0 0.881250 0.322656 0.059375 0.035937
1 0.400000 0.607812 0.115625 0.046875
0 0.949219 0.493750 0.054688 0.034375
0 0.875781 0.454688 0.054688 0.034375
0 0.949219 0.457031 0.054688 0.032813
0 0.876563 0.400781 0.059375 0.035937
0 0.880469 0.361719 0.057813 0.032813
0 0.954688 0.328125 0.056250 0.034375
0 0.954688 0.364063 0.056250 0.034375
1 0.307031 0.073438 0.142187 0.053125
1 0.253906 0.128125 0.114062 0.059375
1 0.963281 0.779687 0.070312 0.046875
1 0.964063 0.736719 0.071875 0.048438
