3 0.021875 0.839063 0.034375 0.065625
3 0.084375 0.628125 0.046875 0.081250
3 0.257031 0.667188 0.070312 0.090625
3 0.607812 0.660156 0.037500 0.067187
3 0.206250 0.850000 0.034375 0.062500
3 0.386719 0.859375 0.039062 0.065625
3 0.564063 0.665625 0.037500 0.068750
3 0.693750 0.671875 0.034375 0.065625
3 0.428125 0.854688 0.037500 0.062500
3 0.233594 0.739062 0.082812 0.034375
3 0.239063 0.851562 0.037500 0.062500
3 0.127344 0.837500 0.035937 0.065625
3 0.166406 0.842969 0.039062 0.070312
3 0.139063 0.655469 0.050000 0.089063
