2 0.591406 0.428906 0.048438 0.092188
2 0.065625 0.915625 0.068750 0.075000
2 0.569531 0.547656 0.057813 0.107813
2 0.596875 0.306250 0.056250 0.096875
2 0.992188 0.824219 0.015625 0.104687
0 0.241406 0.985156 0.067187 0.029687
0 0.056250 0.975000 0.062500 0.050000
2 0.531250 0.304688 0.043750 0.090625
0 0.065625 0.915625 0.068750 0.075000
2 0.691406 0.550000 0.051562 0.100000
2 0.978125 0.350781 0.043750 0.098437
2 0.826563 0.331250 0.059375 0.118750
2 0.764063 0.332031 0.056250 0.107813
2 0.816406 0.453125 0.054688 0.096875
2 0.650781 0.332031 0.048438 0.098437
2 0.785937 0.793750 0.056250 0.103125
2 0.519531 0.502344 0.054688 0.098437
2 0.968750 0.576563 0.046875 0.103125
2 0.414062 0.481250 0.053125 0.096875
2 0.017969 0.658594 0.035937 0.110937
0 0.245312 0.925781 0.071875 0.079687
2 0.882031 0.333594 0.057813 0.110937
2 0.232031 0.572656 0.057813 0.098437
2 0.932813 0.344531 0.059375 0.101562
2 0.682031 0.663281 0.060937 0.123438
2 0.489062 0.718750 0.059375 0.100000
2 0.304688 0.474219 0.056250 0.092188
2 0.453125 0.592969 0.059375 0.107813
2 0.703906 0.333594 0.051562 0.098437
2 0.860156 0.573438 0.057813 0.103125
2 0.131250 0.559375 0.053125 0.106250
2 0.386719 0.701563 0.057813 0.100000
2 0.288281 0.578906 0.057813 0.095312
2 0.848437 0.689844 0.056250 0.104687
2 0.959375 0.706250 0.053125 0.093750
2 0.754687 0.442969 0.056250 0.101562
2 0.502344 0.607031 0.057813 0.101562
2 0.179688 0.566406 0.056250 0.101562
2 0.736719 0.680469 0.057813 0.101562
2 0.400000 0.589063 0.056250 0.103125
2 0.838281 0.803125 0.057813 0.093750
2 0.698438 0.437500 0.053125 0.093750
2 0.466406 0.472656 0.057813 0.104687
2 0.914844 0.574219 0.054688 0.098437
2 0.667188 0.788281 0.053125 0.098437
2 0.922656 0.458594 0.057813 0.095312
2 0.907812 0.678906 0.056250 0.098437
2 0.557031 0.644531 0.060937 0.104687
2 0.804688 0.569531 0.056250 0.098437
2 0.870313 0.452344 0.056250 0.098437
2 0.277344 0.691406 0.057813 0.098437
2 0.058594 0.667188 0.054688 0.096875
2 0.950000 0.819531 0.059375 0.101562
2 0.889844 0.812500 0.054688 0.096875
2 0.359375 0.482031 0.056250 0.092188
2 0.166406 0.678125 0.060937 0.096875
2 0.113281 0.667969 0.064062 0.098437
2 0.744531 0.554688 0.054688 0.093750
2 0.332031 0.695312 0.057813 0.103125
2 0.975781 0.464844 0.048438 0.095312
2 0.724219 0.792188 0.060937 0.100000
2 0.346875 0.586719 0.056250 0.095312
2 0.794531 0.683594 0.054688 0.101562
