3 0.946875 0.878125 0.040625 0.059375
3 0.609375 0.883594 0.053125 0.073438
3 0.709375 0.989062 0.040625 0.021875
3 0.837500 0.944531 0.056250 0.082812
3 0.392969 0.980469 0.054688 0.035937
3 0.814062 0.764063 0.046875 0.065625
3 0.429688 0.977344 0.043750 0.045312
3 0.982813 0.934375 0.034375 0.065625
3 0.696094 0.839063 0.051562 0.068750
3 0.546875 0.917188 0.053125 0.065625
3 0.863281 0.923437 0.048438 0.071875
3 0.926562 0.887500 0.046875 0.062500
3 0.803125 0.958594 0.043750 0.064062
3 0.742969 0.981250 0.042188 0.037500
3 0.577344 0.904688 0.051562 0.075000
3 0.458594 0.965625 0.045312 0.059375
3 0.955469 0.956250 0.048438 0.062500
3 0.664062 0.852344 0.046875 0.064062
3 0.925781 0.970312 0.048438 0.059375
3 0.895312 0.907812 0.040625 0.065625
3 0.517187 0.932031 0.046875 0.060937
3 0.728906 0.822656 0.048438 0.070312
3 0.983594 0.861719 0.032813 0.060937
3 0.489062 0.956250 0.046875 0.065625
3 0.782031 0.785156 0.045312 0.067187
3 0.634375 0.875000 0.050000 0.065625
3 0.909375 0.718750 0.050000 0.068750
3 0.771094 0.971875 0.039062 0.053125
