2 0.987500 0.157031 0.025000 0.107813
2 0.394531 0.062500 0.060937 0.100000
2 0.447656 0.074219 0.064062 0.107813
2 0.702344 0.217188 0.057813 0.106250
2 0.484375 0.193750 0.059375 0.103125
2 0.978125 0.271875 0.043750 0.109375
2 0.540625 0.195312 0.059375 0.103125
2 0.596875 0.203125 0.056250 0.103125
2 0.431250 0.185938 0.059375 0.103125
2 0.378125 0.174219 0.062500 0.104688
2 0.018750 0.495312 0.034375 0.093750
2 0.981250 0.527344 0.037500 0.107813
2 0.130469 0.379688 0.060937 0.112500
2 0.500781 0.082031 0.060937 0.101562
2 0.649219 0.207813 0.057813 0.103125
2 0.472656 0.300000 0.064062 0.106250
2 0.071094 0.374219 0.057813 0.107813
2 0.671875 0.449219 0.068750 0.110937
2 0.900781 0.139844 0.067187 0.110937
2 0.363281 0.285938 0.064062 0.109375
2 0.347656 0.404687 0.064062 0.109375
2 0.064844 0.489063 0.057813 0.106250
2 0.662500 0.095312 0.062500 0.106250
2 0.324219 0.164062 0.064062 0.103125
2 0.957812 0.149219 0.065625 0.104688
2 0.759375 0.230469 0.065625 0.095312
2 0.965625 0.393750 0.065625 0.109375
2 0.527344 0.308594 0.064062 0.101562
2 0.935937 0.259375 0.062500 0.100000
2 0.553906 0.086719 0.060937 0.104688
2 0.154688 0.619531 0.065625 0.092188
2 0.728906 0.457031 0.073438 0.110937
2 0.843750 0.128125 0.065625 0.106250
2 0.186719 0.384375 0.064062 0.106250
2 0.801562 0.357812 0.075000 0.106250
2 0.632812 0.321875 0.065625 0.106250
2 0.970313 0.639062 0.059375 0.112500
2 0.207813 0.153125 0.062500 0.109375
2 0.496094 0.580469 0.067187 0.107813
2 0.403906 0.410938 0.067187 0.112500
2 0.216406 0.046094 0.060937 0.085938
2 0.117969 0.496875 0.064062 0.106250
2 0.882812 0.252344 0.062500 0.098437
2 0.169531 0.503125 0.064062 0.103125
2 0.417969 0.293750 0.064062 0.106250
2 0.944531 0.518750 0.070312 0.106250
2 0.328906 0.551562 0.070312 0.103125
2 0.608594 0.092188 0.064062 0.106250
2 0.222656 0.507031 0.067187 0.104688
2 0.457813 0.420312 0.068750 0.112500
2 0.293750 0.400000 0.065625 0.106250
2 0.146875 0.147656 0.065625 0.107813
2 0.867188 0.621875 0.071875 0.106250
2 0.514844 0.423438 0.067187 0.109375
2 0.689063 0.326562 0.065625 0.103125
2 0.155469 0.042969 0.060937 0.082812
2 0.657031 0.594531 0.067187 0.107813
2 0.921094 0.631250 0.070312 0.106250
2 0.551562 0.582812 0.068750 0.106250
2 0.619531 0.442188 0.067187 0.112500
2 0.826562 0.237500 0.068750 0.106250
2 0.775781 0.115625 0.064062 0.106250
2 0.814844 0.613281 0.073438 0.110937
2 0.707031 0.602344 0.064062 0.104688
2 0.272656 0.541406 0.073438 0.107813
2 0.746094 0.335938 0.067187 0.106250
2 0.189062 0.689063 0.071875 0.084375
2 0.916406 0.382812 0.070312 0.106250
2 0.440625 0.572656 0.071875 0.104688
2 0.864062 0.369531 0.075000 0.110937
2 0.716406 0.106250 0.060937 0.100000
2 0.140625 0.260156 0.065625 0.107813
2 0.081250 0.259375 0.065625 0.109375
2 0.031250 0.260156 0.059375 0.107813
2 0.094531 0.139844 0.067187 0.110937
2 0.570312 0.434375 0.065625 0.109375
2 0.583594 0.314063 0.064062 0.109375
2 0.308594 0.278906 0.060937 0.104688
2 0.779687 0.480469 0.071875 0.110937
2 0.041406 0.036719 0.057813 0.070312
2 0.287500 0.649219 0.068750 0.082812
2 0.036719 0.135937 0.064062 0.106250
2 0.758594 0.604688 0.067187 0.109375
2 0.604688 0.589063 0.065625 0.109375
2 0.892188 0.507031 0.071875 0.104688
2 0.383594 0.559375 0.070312 0.106250
2 0.196875 0.267969 0.062500 0.107813
2 0.839063 0.494531 0.075000 0.107813
2 0.097656 0.039062 0.057813 0.075000
2 0.234375 0.667969 0.068750 0.082812
2 0.026562 0.372656 0.050000 0.104688
2 0.281250 0.746094 0.068750 0.082812
2 0.331250 0.727344 0.068750 0.082812
2 0.320312 0.814844 0.068750 0.082812
2 0.370312 0.796094 0.068750 0.082812
2 0.408594 0.674219 0.064062 0.073438
2 0.441406 0.735156 0.064062 0.073438
2 0.522656 0.686719 0.064062 0.073438
2 0.483594 0.796094 0.064062 0.073438
2 0.574219 0.700781 0.064062 0.073438
2 0.624219 0.699219 0.064062 0.073438
2 0.674219 0.703906 0.064062 0.073438
2 0.724219 0.707031 0.064062 0.073438
2 0.652344 0.774219 0.064062 0.073438
2 0.689844 0.836719 0.064062 0.073438
2 0.703906 0.764844 0.064062 0.073438
2 0.728906 0.821094 0.064062 0.073438
2 0.755469 0.777344 0.064062 0.073438
2 0.786719 0.839844 0.064062 0.073438
2 0.791406 0.763281 0.064062 0.073438
2 0.836719 0.830469 0.064062 0.073438
2 0.838281 0.757031 0.064062 0.073438
2 0.875781 0.821094 0.064062 0.073438
2 0.888281 0.766406 0.064062 0.073438
2 0.941406 0.771094 0.064062 0.073438
2 0.978906 0.768750 0.042188 0.071875
2 0.941406 0.830469 0.064062 0.073438
2 0.613281 0.775781 0.064062 0.073438
2 0.393750 0.741406 0.068750 0.082812
