3 0.119531 0.435937 0.048438 0.043750
3 0.748437 0.744531 0.068750 0.042188
3 0.901563 0.700000 0.046875 0.065625
3 0.735938 0.514844 0.050000 0.070312
3 0.764062 0.499219 0.053125 0.067187
3 0.975000 0.378125 0.043750 0.065625
3 0.672656 0.546875 0.048438 0.065625
3 0.973437 0.661719 0.050000 0.073438
3 0.703906 0.526563 0.048438 0.062500
3 0.794531 0.481250 0.045312 0.065625
3 0.555469 0.617969 0.048438 0.067187
3 0.825781 0.465625 0.048438 0.065625
3 0.910156 0.410938 0.042188 0.065625
3 0.198437 0.819531 0.053125 0.064062
3 0.880469 0.423438 0.048438 0.071875
3 0.611719 0.584375 0.045312 0.065625
3 0.945312 0.396875 0.046875 0.071875
3 0.431250 0.678125 0.043750 0.059375
3 0.938281 0.671094 0.051562 0.070312
3 0.376563 0.182812 0.071875 0.062500
3 0.492969 0.647656 0.051562 0.067187
