3 0.916406 0.314844 0.035937 0.064062
3 0.907813 0.394531 0.034375 0.076563
3 0.706250 0.491406 0.034375 0.064062
3 0.495312 0.614844 0.028125 0.060937
3 0.671094 0.439063 0.029687 0.056250
3 0.839844 0.357812 0.039062 0.062500
3 0.249219 0.199219 0.060937 0.032813
3 0.357812 0.693750 0.031250 0.068750
3 0.323437 0.628906 0.031250 0.057813
3 0.223438 0.125781 0.062500 0.032813
3 0.945312 0.382031 0.034375 0.070312
3 0.458594 0.634375 0.029687 0.059375
3 0.390625 0.588281 0.034375 0.067187
3 0.014844 0.076563 0.026562 0.062500
3 0.166406 0.028906 0.064062 0.032813
3 0.095312 0.246875 0.056250 0.071875
3 0.390625 0.673438 0.031250 0.062500
3 0.496094 0.526563 0.032813 0.062500
3 0.327344 0.337500 0.060937 0.031250
3 0.226562 0.157812 0.062500 0.034375
3 0.670312 0.510938 0.034375 0.068750
3 0.035156 0.146875 0.045312 0.062500
3 0.059375 0.181250 0.050000 0.065625
3 0.199219 0.093750 0.064062 0.031250
3 0.175781 0.060156 0.064062 0.029687
3 0.635156 0.447656 0.032813 0.060937
3 0.287500 0.271875 0.065625 0.034375
3 0.274219 0.232031 0.060937 0.032813
3 0.879687 0.334375 0.037500 0.056250
