2 0.615625 0.864844 0.090625 0.054688
2 0.393750 0.882031 0.087500 0.048438
2 0.613281 0.968750 0.085938 0.053125
2 0.395313 0.977344 0.090625 0.045312
2 0.619531 0.813281 0.092188 0.051562
2 0.618750 0.713281 0.090625 0.054688
2 0.392188 0.928906 0.093750 0.051562
1 0.922656 0.070312 0.035937 0.078125
2 0.720313 0.816406 0.090625 0.054688
2 0.395313 0.767969 0.093750 0.051562
2 0.709375 0.971094 0.087500 0.048438
2 0.210156 0.986719 0.085938 0.026562
2 0.395313 0.821094 0.090625 0.048438
2 0.711719 0.920312 0.092188 0.053125
2 0.212500 0.942969 0.087500 0.051562
2 0.718750 0.869531 0.100000 0.054688
2 0.216406 0.871875 0.089063 0.050000
2 0.224219 0.742969 0.085938 0.048438
2 0.221094 0.784375 0.089063 0.050000
2 0.218750 0.828906 0.090625 0.051562
2 0.606250 0.914844 0.090625 0.054688
2 0.614062 0.761719 0.090625 0.054688
2 0.395313 0.708594 0.090625 0.054688
2 0.725000 0.711719 0.090625 0.054688
2 0.718750 0.757031 0.090625 0.054688
