0 0.787260 0.234375 0.069712 0.103365
0 0.831731 0.536058 0.096154 0.096154
0 0.883413 0.493990 0.098558 0.093750
0 0.942308 0.460337 0.091346 0.084135
0 0.972356 0.415865 0.055288 0.076923
0 0.774038 0.129808 0.062500 0.096154
0 0.838942 0.080529 0.062500 0.093750
0 0.899038 0.050481 0.072115 0.091346
0 0.917067 0.150240 0.064904 0.098558
0 0.974760 0.118990 0.050481 0.098558
3 0.117788 0.159856 0.096154 0.117788
3 0.223558 0.084135 0.096154 0.115385
3 0.492788 0.296875 0.096154 0.117788
3 0.725962 0.617788 0.096154 0.115385
3 0.670673 0.663462 0.096154 0.115385
3 0.617788 0.697115 0.096154 0.115385
3 0.550481 0.745192 0.096154 0.115385
3 0.306490 0.414663 0.098558 0.103365
3 0.340144 0.471154 0.098558 0.100962
