0 0.392188 0.639844 0.059375 0.067187
1 0.987500 0.764062 0.025000 0.093750
1 0.978906 0.785937 0.042188 0.096875
1 0.011719 0.208594 0.020313 0.126562
1 0.931250 0.856250 0.087500 0.109375
1 0.963281 0.053906 0.057813 0.104688
1 0.045312 0.189062 0.043750 0.121875
1 0.957031 0.839063 0.073438 0.109375
1 0.892188 0.878125 0.084375 0.109375
1 0.097656 0.161719 0.051562 0.123438
1 0.863281 0.902344 0.082812 0.107813
1 0.911719 0.121094 0.054688 0.126562
0 0.420312 0.617969 0.059375 0.067187
0 0.448437 0.600781 0.059375 0.067187
0 0.481250 0.577344 0.059375 0.067187
0 0.460938 0.677344 0.059375 0.067187
0 0.492188 0.650781 0.059375 0.067187
0 0.535937 0.536719 0.059375 0.067187
0 0.567187 0.511719 0.059375 0.067187
0 0.578125 0.596094 0.059375 0.067187
0 0.610938 0.578906 0.059375 0.067187
0 0.635938 0.560156 0.059375 0.067187
0 0.668750 0.541406 0.059375 0.067187
0 0.626563 0.471094 0.059375 0.067187
0 0.662500 0.463281 0.059375 0.067187
0 0.682813 0.425781 0.059375 0.067187
1 0.832031 0.928906 0.082812 0.107813
1 0.792969 0.953125 0.082812 0.093750
1 0.720313 0.973437 0.062500 0.053125
1 0.675781 0.982812 0.048438 0.034375
1 0.446875 0.906250 0.096875 0.062500
1 0.400000 0.934375 0.096875 0.062500
1 0.354687 0.965625 0.096875 0.062500
1 0.725000 0.697656 0.096875 0.070312
1 0.689063 0.732031 0.096875 0.070312
1 0.635938 0.766406 0.096875 0.070312
1 0.793750 0.196094 0.050000 0.120313
1 0.837500 0.160156 0.050000 0.120313
1 0.864062 0.149219 0.050000 0.120313
