2 0.240625 0.552344 0.112500 0.060937
2 0.039062 0.371875 0.075000 0.056250
2 0.227344 0.827344 0.110937 0.054688
2 0.133594 0.321875 0.107813 0.053125
2 0.242188 0.498437 0.109375 0.056250
2 0.258594 0.272656 0.114062 0.051562
2 0.251563 0.440625 0.112500 0.056250
2 0.258594 0.325781 0.114062 0.057813
2 0.136719 0.375000 0.110937 0.056250
2 0.137500 0.267969 0.112500 0.054688
2 0.121094 0.597656 0.107813 0.054688
2 0.240625 0.603125 0.109375 0.056250
2 0.229687 0.772656 0.112500 0.057813
2 0.226562 0.984375 0.106250 0.031250
2 0.254688 0.385156 0.115625 0.057813
2 0.039062 0.320312 0.075000 0.056250
2 0.125781 0.544531 0.104688 0.060937
2 0.109375 0.816406 0.109375 0.060937
2 0.132031 0.487500 0.114062 0.059375
2 0.038281 0.425000 0.073438 0.053125
2 0.023438 0.927344 0.043750 0.060937
2 0.040625 0.266406 0.078125 0.057813
2 0.112500 0.764062 0.106250 0.062500
2 0.228125 0.879687 0.112500 0.056250
2 0.234375 0.660937 0.112500 0.059375
2 0.021875 0.973437 0.040625 0.053125
2 0.109375 0.978125 0.115625 0.043750
2 0.135937 0.432031 0.109375 0.060937
2 0.023438 0.870313 0.043750 0.059375
2 0.231250 0.721875 0.112500 0.053125
2 0.107031 0.871094 0.107813 0.060937
2 0.032031 0.589063 0.060937 0.056250
2 0.108594 0.929688 0.114062 0.062500
2 0.117188 0.653125 0.103125 0.059375
2 0.033594 0.535156 0.064062 0.057813
2 0.228125 0.935156 0.112500 0.060937
2 0.114844 0.710156 0.104688 0.060937
2 0.034375 0.478906 0.065625 0.060937
2 0.027344 0.756250 0.051562 0.062500
2 0.024219 0.813281 0.045312 0.060937
2 0.030469 0.702344 0.057813 0.057813
2 0.031250 0.646875 0.059375 0.056250
