3 0.808594 0.521875 0.057813 0.068750
3 0.383594 0.706250 0.048438 0.053125
3 0.457031 0.189062 0.057813 0.068750
3 0.278125 0.725000 0.068750 0.059375
3 0.775781 0.500000 0.054688 0.065625
3 0.476562 0.201563 0.062500 0.065625
3 0.872656 0.025781 0.070312 0.048438
3 0.553906 0.631250 0.057813 0.062500
3 0.989062 0.679688 0.021875 0.078125
3 0.932031 0.044531 0.060937 0.067187
3 0.704688 0.370312 0.050000 0.059375
3 0.727344 0.756250 0.057813 0.068750
3 0.101562 0.305469 0.059375 0.054688
3 0.396094 0.982812 0.045312 0.034375
3 0.667188 0.719531 0.068750 0.064062
3 0.981250 0.378906 0.037500 0.060937
3 0.702344 0.075781 0.064062 0.060937
3 0.892969 0.578125 0.048438 0.056250
3 0.557813 0.823438 0.046875 0.053125
3 0.957812 0.764844 0.068750 0.067187
3 0.490625 0.785156 0.059375 0.060937
3 0.737500 0.373437 0.056250 0.059375
3 0.683594 0.336719 0.045312 0.054688
3 0.371875 0.786719 0.062500 0.067187
3 0.469531 0.280469 0.054688 0.057813
3 0.611719 0.386719 0.057813 0.073438
3 0.982031 0.082812 0.035937 0.062500
3 0.520312 0.035937 0.059375 0.062500
3 0.906250 0.505469 0.050000 0.057813
3 0.642969 0.039844 0.060937 0.064062
3 0.964063 0.351562 0.056250 0.065625
3 0.115625 0.614844 0.046875 0.067187
3 0.878125 0.479687 0.053125 0.056250
3 0.703906 0.435156 0.067187 0.085938
3 0.766406 0.404687 0.054688 0.062500
3 0.743750 0.487500 0.053125 0.068750
3 0.843750 0.460156 0.053125 0.057813
3 0.462500 0.767969 0.062500 0.064062
3 0.696094 0.737500 0.057813 0.071875
3 0.841406 0.177344 0.054688 0.060937
3 0.914062 0.313281 0.056250 0.067187
3 0.812500 0.159375 0.056250 0.065625
3 0.277344 0.919531 0.064062 0.073438
3 0.257812 0.710938 0.059375 0.065625
3 0.124219 0.530469 0.057813 0.064062
3 0.957812 0.248438 0.059375 0.068750
3 0.792969 0.722656 0.057813 0.060937
3 0.656250 0.615625 0.062500 0.068750
3 0.417969 0.535937 0.054688 0.062500
3 0.937500 0.329688 0.059375 0.065625
3 0.935156 0.795312 0.070312 0.056250
3 0.542188 0.357031 0.056250 0.060937
3 0.736719 0.676562 0.057813 0.062500
3 0.915625 0.827344 0.071875 0.060937
3 0.765625 0.700781 0.056250 0.060937
3 0.530469 0.620313 0.051562 0.059375
3 0.935937 0.519531 0.050000 0.060937
3 0.815625 0.446094 0.056250 0.057813
3 0.518750 0.807031 0.056250 0.060937
3 0.755469 0.117969 0.060937 0.070312
3 0.622656 0.306250 0.060937 0.062500
3 0.434375 0.447656 0.059375 0.067187
3 0.883594 0.291406 0.060937 0.067187
3 0.317188 0.742188 0.046875 0.050000
3 0.399219 0.809375 0.051562 0.065625
3 0.360938 0.973437 0.037500 0.046875
3 0.753906 0.788281 0.048438 0.060937
3 0.594531 0.651563 0.057813 0.062500
3 0.613281 0.689063 0.057813 0.062500
3 0.747656 0.200781 0.060937 0.070312
3 0.899219 0.214062 0.054688 0.062500
3 0.863281 0.278906 0.060937 0.067187
3 0.832031 0.252344 0.060937 0.067187
3 0.982812 0.271094 0.034375 0.054688
3 0.477344 0.867188 0.051562 0.065625
3 0.510156 0.884375 0.051562 0.065625
3 0.869531 0.564063 0.048438 0.056250
3 0.836719 0.545312 0.048438 0.056250
3 0.666406 0.422656 0.057813 0.073438
3 0.650000 0.325781 0.062500 0.057813
