1 0.025781 0.978125 0.048438 0.040625
3 0.316406 0.471875 0.057813 0.034375
3 0.030469 0.496875 0.051562 0.034375
3 0.114844 0.013281 0.057813 0.023438
3 0.338281 0.233594 0.051562 0.032813
3 0.053906 0.363281 0.057813 0.039062
3 0.367969 0.117188 0.060937 0.034375
3 0.257031 0.216406 0.057813 0.035937
3 0.553125 0.012500 0.056250 0.021875
3 0.286719 0.028125 0.060937 0.034375
3 0.100000 0.070312 0.056250 0.034375
3 0.549219 0.071875 0.060937 0.034375
3 0.553906 0.039844 0.060937 0.029687
3 0.342969 0.266406 0.064062 0.035937
3 0.228125 0.389062 0.056250 0.037500
3 0.217969 0.421875 0.064062 0.040625
3 0.249219 0.285938 0.060937 0.037500
3 0.277344 0.064844 0.060937 0.035937
3 0.387500 0.044531 0.065625 0.035937
3 0.104688 0.039062 0.056250 0.031250
3 0.540625 0.107031 0.065625 0.035937
3 0.326562 0.371875 0.059375 0.037500
3 0.238281 0.321875 0.060937 0.034375
3 0.376563 0.079687 0.062500 0.034375
3 0.537500 0.142969 0.065625 0.032813
3 0.324219 0.406250 0.057813 0.034375
3 0.272656 0.133594 0.060937 0.035937
