3 0.876563 0.392969 0.062500 0.042188
3 0.821875 0.526563 0.062500 0.037500
3 0.983594 0.244531 0.032813 0.042188
3 0.913281 0.488281 0.060937 0.042188
3 0.874219 0.589844 0.073438 0.048438
3 0.933594 0.417969 0.060937 0.042188
3 0.951562 0.151562 0.068750 0.043750
3 0.916406 0.449219 0.057813 0.039062
3 0.859375 0.428125 0.059375 0.040625
3 0.947656 0.381250 0.067187 0.043750
3 0.951562 0.345313 0.071875 0.046875
3 0.888281 0.555469 0.067187 0.045312
3 0.889062 0.357812 0.068750 0.043750
3 0.764062 0.799219 0.046875 0.073438
3 0.902344 0.519531 0.057813 0.045312
3 0.943750 0.183594 0.065625 0.039062
3 0.975000 0.080469 0.050000 0.035937
3 0.966406 0.118750 0.064062 0.046875
3 0.926562 0.256250 0.062500 0.043750
3 0.968750 0.316406 0.056250 0.039062
3 0.830469 0.494531 0.067187 0.045312
3 0.846094 0.460938 0.064062 0.043750
3 0.810937 0.557813 0.065625 0.040625
3 0.895312 0.325000 0.068750 0.043750
3 0.906250 0.284375 0.068750 0.043750
3 0.931250 0.223438 0.065625 0.037500
