1 0.462500 0.967969 0.037500 0.064062
3 0.973437 0.338281 0.040625 0.064062
3 0.634375 0.739844 0.034375 0.067187
3 0.907031 0.803906 0.039062 0.070312
3 0.592969 0.348438 0.045312 0.068750
3 0.495312 0.583594 0.031250 0.067187
3 0.978125 0.728906 0.031250 0.057813
3 0.944531 0.737500 0.029687 0.065625
3 0.153906 0.741406 0.060937 0.042188
3 0.528906 0.341406 0.035937 0.073438
3 0.732812 0.328125 0.031250 0.053125
3 0.842187 0.583594 0.034375 0.067187
3 0.766406 0.332813 0.035937 0.059375
3 0.145313 0.777344 0.065625 0.045312
3 0.631250 0.503125 0.040625 0.075000
3 0.947656 0.965625 0.032813 0.068750
3 0.496094 0.341406 0.035937 0.067187
3 0.803906 0.512500 0.032813 0.068750
3 0.942969 0.505469 0.032813 0.060937
3 0.178906 0.676562 0.064062 0.043750
3 0.846094 0.732031 0.032813 0.064062
3 0.802344 0.344531 0.029687 0.054688
3 0.741406 0.585156 0.032813 0.067187
3 0.101562 0.867188 0.068750 0.050000
3 0.323437 0.802344 0.037500 0.060937
3 0.256250 0.519531 0.078125 0.060937
3 0.870313 0.501563 0.031250 0.062500
3 0.458594 0.340625 0.035937 0.065625
3 0.978125 0.503125 0.034375 0.065625
3 0.840625 0.964844 0.037500 0.067187
3 0.667969 0.507812 0.035937 0.075000
3 0.361719 0.737500 0.035937 0.068750
3 0.064844 0.960156 0.073438 0.051562
3 0.940625 0.341406 0.040625 0.064062
3 0.564844 0.343750 0.045312 0.068750
3 0.206250 0.610156 0.062500 0.054688
3 0.975781 0.807031 0.039062 0.070312
