3 0.669531 0.212500 0.048438 0.087500
3 0.928906 0.359375 0.060937 0.043750
3 0.732031 0.604688 0.060937 0.043750
3 0.982031 0.580469 0.035937 0.039062
3 0.707812 0.533594 0.056250 0.039062
3 0.940625 0.396094 0.065625 0.048438
3 0.973437 0.502344 0.053125 0.054688
3 0.784375 0.743750 0.071875 0.043750
3 0.977344 0.539062 0.045312 0.043750
3 0.757812 0.675000 0.062500 0.043750
3 0.125000 0.400781 0.050000 0.076563
3 0.875781 0.228906 0.076563 0.054688
3 0.858594 0.920312 0.073438 0.056250
3 0.426563 0.300781 0.056250 0.082812
3 0.709375 0.195312 0.046875 0.081250
3 0.749219 0.639062 0.064062 0.043750
3 0.771875 0.713281 0.071875 0.045312
3 0.692969 0.501563 0.057813 0.043750
3 0.717187 0.573438 0.062500 0.043750
3 0.811719 0.775781 0.092188 0.057813
3 0.832812 0.852344 0.075000 0.048438
3 0.025781 0.432031 0.048438 0.079687
3 0.250781 0.361719 0.051562 0.076563
3 0.185156 0.390625 0.051562 0.081250
3 0.378906 0.320312 0.051562 0.078125
3 0.818750 0.815625 0.078125 0.046875
3 0.082031 0.410938 0.051562 0.084375
3 0.307812 0.345313 0.046875 0.078125
3 0.953906 0.437500 0.070312 0.046875
3 0.681250 0.427344 0.081250 0.057813
3 0.632031 0.227344 0.051562 0.067187
3 0.913281 0.326562 0.060937 0.043750
3 0.862500 0.185156 0.071875 0.048438
3 0.899219 0.292187 0.060937 0.043750
