3 0.545312 0.057813 0.109375 0.087500
3 0.602344 0.445312 0.098437 0.065625
3 0.591406 0.208594 0.129688 0.079687
3 0.353125 0.353125 0.081250 0.093750
3 0.589063 0.355469 0.112500 0.085938
3 0.630469 0.489844 0.098437 0.067187
3 0.820312 0.751563 0.125000 0.087500
3 0.596094 0.396094 0.098437 0.070312
3 0.543750 0.338281 0.096875 0.070312
3 0.878125 0.157812 0.078125 0.075000
3 0.599219 0.155469 0.098437 0.067187
3 0.946875 0.250000 0.081250 0.062500
3 0.485938 0.224219 0.090625 0.070312
3 0.682031 0.398438 0.098437 0.065625
3 0.534375 0.296094 0.112500 0.073438
3 0.280469 0.239063 0.082812 0.112500
