3 0.060937 0.988281 0.037500 0.023438
3 0.127344 0.989844 0.042188 0.020313
3 0.199219 0.986719 0.042188 0.023438
3 0.260156 0.992188 0.042188 0.015625
3 0.223438 0.535156 0.031250 0.057813
3 0.305469 0.367969 0.032813 0.054688
3 0.314844 0.698438 0.029687 0.059375
3 0.373437 0.697656 0.037500 0.060937
3 0.423438 0.550000 0.034375 0.062500
3 0.159375 0.534375 0.031250 0.062500
3 0.447656 0.871094 0.029687 0.060937
3 0.101562 0.856250 0.040625 0.065625
3 0.257812 0.539062 0.034375 0.062500
3 0.512500 0.875781 0.031250 0.057813
3 0.389062 0.547656 0.031250 0.054688
3 0.377344 0.864062 0.032813 0.062500
3 0.340625 0.696875 0.034375 0.059375
3 0.246875 0.687500 0.031250 0.059375
3 0.512500 0.701562 0.037500 0.062500
3 0.411719 0.867188 0.032813 0.062500
3 0.140625 0.855469 0.034375 0.064062
3 0.308594 0.869531 0.035937 0.067187
3 0.327344 0.542188 0.029687 0.059375
3 0.174219 0.859375 0.039062 0.071875
3 0.095312 0.529687 0.031250 0.062500
3 0.240625 0.375781 0.031250 0.051562
3 0.276562 0.853125 0.034375 0.053125
3 0.384375 0.394531 0.043750 0.042188
