3 0.833594 0.971094 0.032813 0.051562
3 0.328125 0.954688 0.046875 0.062500
3 0.725781 0.818750 0.035937 0.062500
3 0.549219 0.862500 0.042188 0.062500
3 0.903125 0.965625 0.028125 0.053125
3 0.932031 0.788281 0.032813 0.060937
3 0.797656 0.974219 0.035937 0.048438
3 0.421875 0.911719 0.046875 0.067187
3 0.964844 0.790625 0.029687 0.062500
3 0.897656 0.791406 0.035937 0.067187
3 0.860156 0.795312 0.035937 0.065625
3 0.692969 0.985156 0.039062 0.029687
3 0.694531 0.828125 0.035937 0.062500
3 0.763281 0.814844 0.039062 0.064062
3 0.935156 0.955469 0.032813 0.064062
3 0.384375 0.925000 0.046875 0.068750
3 0.760156 0.974219 0.035937 0.048438
3 0.653906 0.989062 0.042188 0.021875
3 0.588281 0.853125 0.042188 0.059375
3 0.792969 0.808594 0.039062 0.067187
3 0.457813 0.902344 0.040625 0.060937
3 0.991406 0.789844 0.017188 0.067187
3 0.828906 0.798438 0.035937 0.065625
3 0.655469 0.839063 0.035937 0.062500
3 0.624219 0.843750 0.035937 0.062500
