3 0.777344 0.574219 0.032813 0.057813
3 0.793750 0.020313 0.050000 0.031250
3 0.953125 0.130469 0.062500 0.035937
3 0.990625 0.260156 0.018750 0.042188
3 0.925000 0.253906 0.062500 0.035937
3 0.776563 0.139844 0.056250 0.032813
3 0.949219 0.598437 0.032813 0.059375
3 0.769531 0.218750 0.057813 0.034375
3 0.742188 0.570312 0.040625 0.062500
3 0.975000 0.346094 0.050000 0.039062
3 0.785937 0.059375 0.062500 0.040625
3 0.968750 0.049219 0.059375 0.045312
3 0.843750 0.589844 0.037500 0.067187
3 0.876563 0.595313 0.037500 0.065625
3 0.967969 0.019531 0.060937 0.035937
3 0.760156 0.257031 0.051562 0.029687
3 0.928125 0.325781 0.065625 0.039062
3 0.773438 0.179688 0.059375 0.034375
3 0.780469 0.099219 0.057813 0.032813
3 0.810937 0.582812 0.037500 0.059375
3 0.944531 0.169531 0.076563 0.048438
3 0.960938 0.091406 0.065625 0.045312
3 0.914844 0.368750 0.067187 0.037500
3 0.923438 0.289062 0.065625 0.040625
3 0.913281 0.594531 0.035937 0.064062
3 0.948438 0.206250 0.065625 0.040625
