3 0.313281 0.528906 0.035937 0.076563
3 0.551562 0.296875 0.037500 0.081250
4 0.351562 0.102344 0.046875 0.101562
3 0.152344 0.650000 0.035937 0.071875
1 0.939844 0.055469 0.042188 0.107813
0 0.638281 0.104688 0.032813 0.071875
3 0.296094 0.320312 0.035937 0.081250
3 0.104688 0.623437 0.031250 0.062500
3 0.217969 0.332031 0.032813 0.067187
3 0.106250 0.350781 0.037500 0.076563
3 0.197656 0.647656 0.032813 0.070312
1 0.469531 0.118750 0.035937 0.112500
3 0.353125 0.317969 0.043750 0.092188
3 0.262500 0.321094 0.037500 0.079687
3 0.181250 0.338281 0.034375 0.073438
3 0.105469 0.543750 0.039062 0.075000
3 0.067187 0.621875 0.034375 0.071875
3 0.020313 0.358594 0.034375 0.073438
3 0.059375 0.542969 0.037500 0.076563
3 0.182812 0.545312 0.040625 0.084375
3 0.065625 0.355469 0.034375 0.070312
3 0.144531 0.548438 0.039062 0.081250
3 0.139063 0.342969 0.037500 0.076563
3 0.151562 0.946094 0.034375 0.067187
