4 0.146875 0.429688 0.175000 0.150000
0 0.828125 0.010937 0.065625 0.018750
1 0.507812 0.221875 0.131250 0.090625
0 0.573438 0.387500 0.071875 0.056250
0 0.547656 0.350000 0.070312 0.056250
4 0.191406 0.521875 0.167187 0.140625
4 0.962500 0.976562 0.075000 0.046875
0 0.700000 0.446094 0.075000 0.057813
0 0.726562 0.491406 0.075000 0.060937
0 0.669531 0.392188 0.073438 0.059375
4 0.953906 0.935937 0.092188 0.090625
0 0.600000 0.266406 0.075000 0.057813
0 0.948438 0.177344 0.071875 0.057813
0 0.984375 0.275000 0.031250 0.053125
0 0.645312 0.346875 0.071875 0.056250
0 0.924219 0.136719 0.073438 0.060937
0 0.621094 0.306250 0.070312 0.056250
0 0.525781 0.310937 0.070312 0.059375
4 0.275000 0.679688 0.106250 0.071875
4 0.241406 0.611719 0.107813 0.070312
0 0.770312 0.034375 0.071875 0.056250
4 0.300781 0.742969 0.107813 0.073438
0 0.482031 0.029687 0.070312 0.053125
0 0.792969 0.078906 0.070312 0.054688
1 0.477344 0.180469 0.139063 0.092188
4 0.486719 0.811719 0.104688 0.182812
4 0.338281 0.909375 0.076563 0.053125
4 0.376563 0.978125 0.071875 0.043750
4 0.071094 0.264062 0.139063 0.125000
0 0.975781 0.478125 0.048438 0.062500
