3 0.982031 0.355469 0.035937 0.079687
3 0.371094 0.637500 0.045312 0.062500
3 0.928906 0.916406 0.042188 0.067187
3 0.449219 0.873438 0.057813 0.071875
3 0.922656 0.375000 0.054688 0.065625
3 0.410937 0.981250 0.050000 0.037500
3 0.834375 0.983594 0.034375 0.032813
3 0.896875 0.417969 0.062500 0.073438
3 0.903906 0.954687 0.039062 0.062500
3 0.866406 0.977344 0.039062 0.045312
3 0.958594 0.362500 0.054688 0.078125
3 0.459375 0.599219 0.046875 0.064062
3 0.515625 0.828125 0.059375 0.078125
3 0.245312 0.733594 0.040625 0.067187
3 0.289844 0.722656 0.045312 0.073438
3 0.447656 0.966406 0.051562 0.060937
3 0.407031 0.619531 0.045312 0.060937
