3 0.309375 0.471094 0.053125 0.073438
3 0.418750 0.410156 0.050000 0.067187
3 0.756250 0.045312 0.056250 0.071875
3 0.241406 0.928125 0.076563 0.056250
3 0.883594 0.778125 0.064062 0.043750
3 0.424219 0.225781 0.051562 0.067187
3 0.579688 0.139844 0.046875 0.060937
3 0.780469 0.207813 0.048438 0.059375
3 0.232813 0.518750 0.050000 0.056250
3 0.110937 0.575781 0.053125 0.073438
3 0.153125 0.378906 0.050000 0.064062
3 0.459375 0.890625 0.062500 0.053125
3 0.568750 0.323437 0.059375 0.078125
3 0.627344 0.296094 0.051562 0.064062
3 0.726562 0.243750 0.040625 0.050000
3 0.397656 0.246875 0.048438 0.065625
3 0.278906 0.307812 0.057813 0.071875
3 0.378906 0.420312 0.054688 0.075000
3 0.175781 0.546875 0.048438 0.062500
3 0.834375 0.175781 0.053125 0.067187
3 0.060937 0.607812 0.040625 0.062500
3 0.243750 0.327344 0.053125 0.060937
3 0.545312 0.151562 0.046875 0.059375
3 0.216406 0.346094 0.051562 0.060937
3 0.610938 0.125000 0.043750 0.062500
3 0.512500 0.359375 0.046875 0.062500
3 0.479687 0.373437 0.046875 0.062500
3 0.692969 0.069531 0.057813 0.073438
3 0.180469 0.362500 0.048438 0.062500
3 0.453125 0.207031 0.053125 0.064062
3 0.327344 0.460156 0.060937 0.070312
3 0.267188 0.496875 0.053125 0.065625
3 0.798438 0.675000 0.065625 0.053125
3 0.840625 0.593750 0.065625 0.053125
