3 0.436719 0.597656 0.054688 0.029687
3 0.448437 0.525000 0.059375 0.031250
0 0.231250 0.136719 0.040625 0.073438
3 0.460156 0.448437 0.076563 0.046875
0 0.595313 0.129688 0.043750 0.071875
4 0.649219 0.153906 0.054688 0.098437
3 0.785937 0.311719 0.046875 0.101562
3 0.690625 0.458594 0.062500 0.035937
3 0.838281 0.482812 0.076563 0.046875
0 0.139063 0.510938 0.040625 0.071875
3 0.669531 0.622656 0.073438 0.042188
3 0.459375 0.497656 0.078125 0.039062
3 0.624219 0.477344 0.064062 0.035937
3 0.617969 0.512500 0.060937 0.031250
3 0.645312 0.284375 0.043750 0.084375
3 0.728125 0.287500 0.040625 0.093750
3 0.629687 0.442188 0.056250 0.034375
0 0.045312 0.487500 0.043750 0.068750
3 0.433594 0.659375 0.070312 0.043750
3 0.612500 0.879687 0.078125 0.053125
3 0.546875 0.863281 0.059375 0.048438
3 0.379688 0.884375 0.062500 0.053125
