0 0.009375 0.275781 0.015625 0.045312
1 0.584375 0.940625 0.146875 0.065625
1 0.822656 0.978906 0.104688 0.042188
1 0.614844 0.784375 0.148438 0.071875
1 0.857812 0.728906 0.093750 0.045312
1 0.640625 0.658594 0.143750 0.064062
1 0.597656 0.861719 0.145313 0.067187
1 0.942969 0.023438 0.110937 0.043750
1 0.942969 0.101562 0.110937 0.050000
1 0.831250 0.893750 0.093750 0.043750
1 0.224219 0.714063 0.107813 0.046875
1 0.654687 0.621094 0.140625 0.060937
1 0.821875 0.937500 0.103125 0.046875
1 0.587500 0.903125 0.137500 0.062500
0 0.014063 0.226562 0.025000 0.040625
1 0.258594 0.534375 0.092188 0.043750
1 0.930469 0.274219 0.101562 0.042188
1 0.264062 0.494531 0.096875 0.054688
1 0.276562 0.339062 0.143750 0.059375
1 0.627344 0.737500 0.142187 0.065625
1 0.903125 0.476562 0.106250 0.046875
1 0.610938 0.815625 0.137500 0.068750
1 0.317969 0.082812 0.151562 0.065625
1 0.635156 0.700781 0.142187 0.067187
1 0.865625 0.686719 0.106250 0.048438
1 0.841406 0.810156 0.110937 0.042188
1 0.707812 0.350000 0.143750 0.068750
1 0.855469 0.769531 0.101562 0.048438
1 0.717187 0.304688 0.150000 0.068750
1 0.946094 0.147656 0.107813 0.051562
1 0.678125 0.481250 0.150000 0.062500
1 0.660937 0.578125 0.143750 0.065625
1 0.313281 0.119531 0.151562 0.057813
1 0.877344 0.603906 0.104688 0.045312
1 0.885938 0.561719 0.103125 0.042188
1 0.267188 0.374219 0.146875 0.054688
1 0.872656 0.642188 0.104688 0.046875
1 0.290625 0.250781 0.146875 0.057813
1 0.907031 0.433594 0.104688 0.048438
1 0.281250 0.300000 0.140625 0.059375
0 0.018750 0.191406 0.034375 0.039062
1 0.941406 0.057813 0.114062 0.056250
1 0.167969 0.956250 0.132812 0.062500
1 0.894531 0.518750 0.104688 0.050000
1 0.939844 0.189062 0.107813 0.050000
1 0.686719 0.436719 0.139063 0.073438
1 0.935156 0.228125 0.107813 0.046875
1 0.925781 0.313281 0.107813 0.042188
1 0.917969 0.351562 0.107813 0.040625
1 0.568750 0.971094 0.143750 0.051562
1 0.248438 0.569531 0.096875 0.054688
1 0.239063 0.608594 0.096875 0.054688
1 0.237500 0.644531 0.096875 0.054688
1 0.229687 0.675781 0.096875 0.054688
1 0.339062 0.013281 0.140625 0.023438
