0 0.386719 0.018750 0.039062 0.034375
0 0.017188 0.142187 0.031250 0.078125
0 0.195312 0.009375 0.037500 0.015625
0 0.356250 0.026562 0.050000 0.050000
0 0.182812 0.083594 0.046875 0.067187
0 0.434375 0.010156 0.043750 0.017188
1 0.671875 0.244531 0.062500 0.104688
0 0.146875 0.094531 0.046875 0.070312
0 0.321875 0.033594 0.053125 0.064062
1 0.173437 0.325781 0.059375 0.089063
4 0.961719 0.577344 0.060937 0.095312
0 0.132812 0.020313 0.046875 0.037500
0 0.219531 0.067969 0.048438 0.070312
0 0.039062 0.130469 0.053125 0.073438
1 0.707812 0.231250 0.071875 0.106250
4 0.931250 0.596094 0.059375 0.092188
1 0.866406 0.063281 0.060937 0.089063
1 0.303906 0.271875 0.073438 0.087500
0 0.030469 0.041406 0.048438 0.070312
0 0.113281 0.100781 0.048438 0.073438
0 0.067969 0.031250 0.051562 0.059375
1 0.403906 0.342187 0.070312 0.103125
0 0.103125 0.024219 0.043750 0.042188
1 0.437500 0.325000 0.068750 0.100000
1 0.901563 0.160156 0.065625 0.098437
1 0.338281 0.250781 0.070312 0.089063
1 0.440625 0.216406 0.062500 0.082812
0 0.285156 0.044531 0.045312 0.060937
1 0.571094 0.159375 0.060937 0.090625
1 0.933594 0.145313 0.057813 0.100000
1 0.549219 0.661719 0.051562 0.085938
1 0.220312 0.314844 0.068750 0.089063
1 0.765625 0.202344 0.065625 0.095312
1 0.970313 0.125000 0.059375 0.103125
1 0.480469 0.312500 0.067187 0.100000
1 0.628906 0.638281 0.057813 0.085938
1 0.675000 0.632031 0.056250 0.082812
1 0.689063 0.113281 0.062500 0.082812
1 0.404687 0.233594 0.065625 0.085938
1 0.652344 0.132031 0.067187 0.085938
1 0.260937 0.295312 0.068750 0.087500
1 0.855469 0.171875 0.064062 0.096875
1 0.810156 0.187500 0.060937 0.100000
1 0.131250 0.350000 0.068750 0.103125
1 0.628125 0.257031 0.065625 0.101562
1 0.717187 0.609375 0.062500 0.087500
1 0.589063 0.653906 0.059375 0.085938
1 0.568750 0.281250 0.062500 0.093750
1 0.027344 0.399219 0.051562 0.123438
1 0.058594 0.390625 0.067187 0.125000
1 0.092969 0.370312 0.067187 0.125000
