3 0.741406 0.302344 0.073438 0.048438
3 0.932031 0.885156 0.067187 0.045312
3 0.677344 0.153125 0.073438 0.053125
3 0.813281 0.535156 0.067187 0.045312
3 0.844531 0.637500 0.076563 0.059375
3 0.926562 0.304688 0.087500 0.056250
3 0.978906 0.484375 0.042188 0.065625
3 0.952344 0.925000 0.070312 0.050000
3 0.914844 0.259375 0.085938 0.056250
3 0.889844 0.732031 0.073438 0.048438
3 0.900781 0.769531 0.082812 0.051562
3 0.867188 0.692969 0.078125 0.054688
3 0.828906 0.571094 0.067187 0.045312
3 0.787500 0.418750 0.087500 0.056250
3 0.714063 0.226562 0.096875 0.068750
3 0.921875 0.855469 0.068750 0.048438
3 0.808594 0.496875 0.073438 0.050000
3 0.914844 0.816406 0.070312 0.045312
3 0.956250 0.414062 0.087500 0.056250
