3 0.028125 0.009375 0.053125 0.015625
3 0.993750 0.978125 0.012500 0.043750
3 0.590625 0.603906 0.031250 0.057813
3 0.357031 0.557813 0.051562 0.118750
3 0.538281 0.659375 0.045312 0.065625
3 0.158594 0.692969 0.064062 0.035937
3 0.629687 0.599219 0.040625 0.073438
3 0.356250 0.757031 0.075000 0.048438
3 0.323437 0.382812 0.046875 0.071875
3 0.363281 0.391406 0.042188 0.073438
3 0.577344 0.665625 0.039062 0.075000
3 0.345313 0.601562 0.053125 0.106250
3 0.824219 0.777344 0.064062 0.039062
3 0.596875 0.456250 0.043750 0.075000
3 0.210156 0.446875 0.076563 0.046875
3 0.440625 0.630469 0.050000 0.085938
3 0.925000 0.703125 0.071875 0.043750
3 0.494531 0.432031 0.042188 0.070312
3 0.202344 0.483594 0.076563 0.042188
3 0.418750 0.564844 0.043750 0.082812
3 0.828906 0.737500 0.070312 0.040625
3 0.885938 0.832812 0.062500 0.040625
3 0.932031 0.664844 0.064062 0.042188
3 0.848437 0.678906 0.065625 0.039062
3 0.854688 0.642969 0.065625 0.042188
3 0.529687 0.581250 0.037500 0.068750
3 0.153125 0.270313 0.046875 0.065625
