3 0.324219 0.071094 0.054688 0.082812
3 0.023438 0.129688 0.043750 0.100000
3 0.917969 0.519531 0.076563 0.051562
3 0.071094 0.107031 0.057813 0.089063
3 0.081250 0.478906 0.078125 0.048438
3 0.284375 0.250000 0.059375 0.084375
3 0.600781 0.376563 0.051562 0.071875
3 0.346875 0.029687 0.056250 0.056250
3 0.115625 0.096875 0.056250 0.096875
3 0.878125 0.279687 0.065625 0.040625
3 0.713281 0.441406 0.048438 0.073438
3 0.635156 0.817187 0.045312 0.081250
3 0.484375 0.441406 0.050000 0.079687
3 0.356250 0.476562 0.056250 0.084375
3 0.428125 0.552344 0.062500 0.095312
3 0.706250 0.765625 0.062500 0.109375
3 0.596875 0.486719 0.050000 0.079687
3 0.631250 0.465625 0.046875 0.075000
3 0.382031 0.561719 0.064062 0.104688
3 0.467187 0.531250 0.059375 0.087500
3 0.554688 0.500000 0.050000 0.075000
3 0.459375 0.845313 0.053125 0.084375
3 0.402344 0.465625 0.048438 0.078125
3 0.563281 0.401562 0.057813 0.087500
3 0.442188 0.444531 0.053125 0.076563
3 0.510938 0.516406 0.053125 0.079687
3 0.519531 0.416406 0.051562 0.079687
3 0.226562 0.268750 0.062500 0.087500
3 0.798438 0.744531 0.078125 0.114062
4 0.947656 0.678906 0.082812 0.057813
4 0.951562 0.747656 0.096875 0.067187
