3 0.078125 0.611719 0.062500 0.045312
3 0.009375 0.297656 0.015625 0.042188
3 0.045312 0.535156 0.068750 0.042188
3 0.169531 0.903125 0.067187 0.050000
0 0.286719 0.733594 0.045312 0.064062
0 0.321875 0.599219 0.046875 0.064062
3 0.120313 0.767969 0.068750 0.042188
0 0.406250 0.834375 0.040625 0.068750
3 0.138281 0.832031 0.067187 0.042188
3 0.104688 0.740625 0.071875 0.040625
3 0.065625 0.568750 0.065625 0.037500
3 0.125781 0.801562 0.070312 0.043750
3 0.172656 0.930469 0.067187 0.045312
3 0.152344 0.867969 0.070312 0.042188
3 0.077344 0.634375 0.067187 0.043750
3 0.089063 0.671875 0.065625 0.043750
0 0.362500 0.944531 0.043750 0.060937
3 0.022656 0.439063 0.042188 0.031250
3 0.022656 0.401562 0.042188 0.031250
