3 0.192188 0.310937 0.028125 0.071875
3 0.919531 0.565625 0.032813 0.075000
3 0.956250 0.564844 0.040625 0.060937
3 0.929688 0.300781 0.037500 0.064062
3 0.163281 0.740625 0.032813 0.068750
3 0.985156 0.463281 0.023438 0.067187
3 0.437500 0.740625 0.031250 0.059375
3 0.847656 0.459375 0.032813 0.059375
3 0.227344 0.307812 0.032813 0.075000
3 0.915625 0.233594 0.031250 0.054688
3 0.782813 0.573438 0.031250 0.062500
3 0.676562 0.234375 0.031250 0.071875
3 0.851562 0.739062 0.037500 0.059375
3 0.536719 0.316406 0.035937 0.064062
3 0.191406 0.242969 0.029687 0.070312
3 0.984375 0.566406 0.028125 0.057813
3 0.680469 0.460938 0.032813 0.068750
3 0.776563 0.068750 0.031250 0.059375
3 0.708594 0.312500 0.029687 0.059375
3 0.913281 0.065625 0.029687 0.065625
3 0.334375 0.742969 0.031250 0.064062
3 0.505469 0.572656 0.026562 0.057813
3 0.571094 0.460156 0.032813 0.064062
3 0.604688 0.466406 0.031250 0.060937
3 0.639844 0.579688 0.029687 0.065625
3 0.978906 0.068750 0.029687 0.059375
3 0.746094 0.569531 0.029687 0.073438
3 0.987500 0.735938 0.025000 0.062500
3 0.917969 0.741406 0.035937 0.064062
3 0.814844 0.575781 0.029687 0.060937
3 0.232031 0.243750 0.029687 0.075000
3 0.782031 0.739844 0.032813 0.057813
3 0.535937 0.461719 0.034375 0.067187
3 0.848437 0.235937 0.031250 0.053125
3 0.471875 0.740625 0.031250 0.062500
3 0.982812 0.234375 0.028125 0.062500
3 0.982812 0.291406 0.028125 0.064062
3 0.880469 0.232031 0.029687 0.054688
3 0.778125 0.307031 0.040625 0.082812
3 0.397656 0.314844 0.032813 0.064062
3 0.847656 0.312500 0.035937 0.062500
3 0.507031 0.740625 0.032813 0.062500
3 0.881250 0.305469 0.031250 0.064062
3 0.952344 0.468750 0.032813 0.065625
3 0.776563 0.468750 0.031250 0.062500
3 0.852344 0.573438 0.029687 0.059375
3 0.163281 0.468750 0.039062 0.075000
3 0.711719 0.466406 0.029687 0.060937
3 0.604688 0.307812 0.037500 0.065625
3 0.814063 0.312500 0.034375 0.071875
3 0.333594 0.576562 0.029687 0.056250
3 0.303125 0.747656 0.034375 0.060937
3 0.466406 0.078906 0.035937 0.079687
3 0.953125 0.295312 0.031250 0.059375
3 0.534375 0.232813 0.031250 0.068750
3 0.638281 0.464062 0.026562 0.059375
3 0.745313 0.068750 0.034375 0.065625
3 0.601562 0.070312 0.034375 0.075000
3 0.914062 0.467187 0.031250 0.065625
3 0.539844 0.740625 0.032813 0.062500
3 0.675781 0.569531 0.029687 0.060937
3 0.946875 0.232031 0.031250 0.060937
3 0.675000 0.316406 0.028125 0.064062
3 0.435937 0.565625 0.034375 0.065625
3 0.812500 0.464844 0.031250 0.064062
3 0.955469 0.734375 0.035937 0.059375
3 0.885156 0.736719 0.035937 0.060937
3 0.128906 0.745313 0.035937 0.075000
3 0.264844 0.574219 0.032813 0.070312
3 0.739062 0.312500 0.028125 0.068750
3 0.500000 0.241406 0.031250 0.060937
3 0.815625 0.738281 0.031250 0.060937
3 0.126562 0.310156 0.034375 0.067187
3 0.882031 0.067187 0.032813 0.078125
3 0.575781 0.739062 0.032813 0.059375
3 0.946875 0.067187 0.028125 0.062500
3 0.916406 0.303125 0.029687 0.062500
3 0.432812 0.076563 0.034375 0.065625
3 0.714844 0.566406 0.029687 0.064062
3 0.882031 0.467969 0.032813 0.064062
3 0.571875 0.573438 0.028125 0.059375
3 0.092188 0.576562 0.034375 0.056250
3 0.360156 0.075000 0.035937 0.065625
3 0.538281 0.571094 0.029687 0.054688
3 0.060156 0.474219 0.032813 0.064062
3 0.744531 0.469531 0.029687 0.060937
3 0.404687 0.746094 0.031250 0.064062
3 0.292969 0.075000 0.045312 0.087500
3 0.029687 0.057031 0.053125 0.048438
3 0.534375 0.078125 0.034375 0.062500
3 0.043750 0.026562 0.059375 0.046875
3 0.883594 0.570312 0.029687 0.059375
3 0.016406 0.120313 0.029687 0.046875
3 0.296094 0.467969 0.032813 0.064062
3 0.397656 0.472656 0.032813 0.064062
3 0.505469 0.463281 0.032813 0.064062
3 0.467187 0.575781 0.031250 0.060937
3 0.197656 0.746875 0.032813 0.068750
3 0.275000 0.751563 0.028125 0.068750
