3 0.155469 0.581250 0.042188 0.068750
3 0.183594 0.732031 0.035937 0.057813
3 0.114844 0.803906 0.032813 0.064062
3 0.542969 0.508594 0.057813 0.029687
3 0.150781 0.805469 0.032813 0.060937
3 0.114062 0.580469 0.031250 0.067187
3 0.355469 0.801562 0.039062 0.075000
3 0.220312 0.963281 0.043750 0.070312
3 0.328906 0.964063 0.045312 0.065625
3 0.012500 0.513281 0.021875 0.076563
3 0.114844 0.732812 0.035937 0.059375
3 0.112500 0.507812 0.031250 0.062500
3 0.253125 0.806250 0.031250 0.059375
3 0.079687 0.503906 0.031250 0.060937
3 0.478125 0.896875 0.034375 0.071875
3 0.286719 0.807813 0.032813 0.062500
3 0.150781 0.966406 0.032813 0.060937
3 0.250000 0.732812 0.034375 0.059375
3 0.257812 0.962500 0.034375 0.071875
3 0.253125 0.499219 0.031250 0.060937
3 0.353906 0.734375 0.032813 0.068750
3 0.042969 0.504687 0.026562 0.062500
3 0.317969 0.805469 0.039062 0.070312
3 0.289844 0.737500 0.032813 0.065625
3 0.536719 0.546094 0.064062 0.032813
3 0.221094 0.807813 0.035937 0.068750
3 0.015625 0.734375 0.028125 0.068750
3 0.320312 0.734375 0.031250 0.062500
3 0.014844 0.342969 0.026562 0.067187
3 0.281250 0.567969 0.040625 0.067187
3 0.181250 0.498437 0.031250 0.065625
3 0.079687 0.730469 0.037500 0.064062
3 0.217969 0.730469 0.032813 0.057813
3 0.358594 0.964063 0.035937 0.071875
3 0.050000 0.967187 0.034375 0.062500
3 0.077344 0.579688 0.039062 0.068750
3 0.289062 0.964063 0.034375 0.065625
3 0.044531 0.733594 0.035937 0.064062
3 0.185156 0.967187 0.032813 0.062500
3 0.181250 0.578125 0.031250 0.062500
3 0.118750 0.967187 0.034375 0.059375
3 0.217969 0.500781 0.032813 0.067187
3 0.146094 0.506250 0.032813 0.068750
3 0.078906 0.805469 0.035937 0.067187
3 0.328906 0.362500 0.032813 0.059375
3 0.516406 0.898438 0.032813 0.075000
3 0.213281 0.578125 0.032813 0.068750
3 0.015625 0.965625 0.028125 0.065625
3 0.015625 0.570312 0.028125 0.059375
