2 0.455469 0.764062 0.057813 0.109375
2 0.230469 0.710938 0.054688 0.112500
2 0.019531 0.829688 0.035937 0.096875
2 0.333594 0.948438 0.057813 0.096875
2 0.236719 0.599219 0.051562 0.104688
2 0.926562 0.421094 0.056250 0.117188
2 0.030469 0.581250 0.051562 0.109375
2 0.067969 0.835156 0.064062 0.104688
2 0.088281 0.578125 0.054688 0.112500
2 0.192969 0.466406 0.054688 0.107813
2 0.245312 0.475781 0.053125 0.107813
2 0.023438 0.701562 0.043750 0.100000
2 0.446094 0.639062 0.057813 0.112500
2 0.470313 0.975000 0.046875 0.050000
2 0.296875 0.604688 0.062500 0.115625
2 0.098437 0.352344 0.053125 0.095312
2 0.428906 0.425000 0.060937 0.100000
2 0.038281 0.458594 0.054688 0.101562
2 0.554688 0.644531 0.053125 0.095312
2 0.873437 0.550781 0.056250 0.101562
2 0.361719 0.478125 0.057813 0.106250
2 0.576562 0.880469 0.056250 0.101562
2 0.303125 0.478125 0.056250 0.100000
2 0.311719 0.359375 0.057813 0.103125
2 0.607031 0.551562 0.054688 0.100000
2 0.711719 0.436719 0.054688 0.107813
2 0.597656 0.441406 0.057813 0.107813
2 0.288281 0.727344 0.057813 0.104688
2 0.717969 0.551562 0.054688 0.103125
2 0.435156 0.531250 0.054688 0.103125
2 0.356250 0.615625 0.062500 0.106250
2 0.820312 0.661719 0.053125 0.101562
2 0.041406 0.351562 0.051562 0.090625
2 0.871094 0.430469 0.054688 0.101562
2 0.467187 0.892969 0.053125 0.095312
2 0.814063 0.429688 0.053125 0.100000
2 0.219531 0.851562 0.054688 0.103125
2 0.535937 0.421875 0.053125 0.093750
2 0.093750 0.464062 0.056250 0.103125
2 0.338281 0.844531 0.057813 0.117188
2 0.203906 0.352344 0.051562 0.098437
2 0.252344 0.358594 0.054688 0.095312
2 0.877344 0.666406 0.060937 0.107813
2 0.278906 0.836719 0.057813 0.107813
2 0.564844 0.752344 0.054688 0.098437
2 0.543750 0.531250 0.053125 0.093750
2 0.368750 0.364844 0.059375 0.095312
2 0.817969 0.550781 0.054688 0.098437
2 0.345313 0.734375 0.059375 0.100000
2 0.615625 0.656250 0.056250 0.103125
2 0.078125 0.713281 0.053125 0.095312
