3 0.078906 0.655469 0.035937 0.060937
3 0.135937 0.490625 0.043750 0.062500
3 0.758594 0.984375 0.035937 0.031250
3 0.310937 0.942187 0.043750 0.087500
3 0.253125 0.685937 0.034375 0.062500
3 0.576562 0.807813 0.043750 0.071875
3 0.207031 0.749219 0.032813 0.057813
3 0.243750 0.261719 0.034375 0.070312
3 0.350000 0.446094 0.037500 0.067187
3 0.118750 0.410156 0.040625 0.082812
3 0.504687 0.961719 0.043750 0.070312
3 0.239844 0.512500 0.042188 0.071875
3 0.926562 0.357031 0.040625 0.070312
3 0.114062 0.661719 0.040625 0.067187
3 0.612500 0.317188 0.040625 0.068750
3 0.720313 0.982031 0.037500 0.035937
3 0.651563 0.568750 0.037500 0.062500
3 0.506250 0.553125 0.043750 0.078125
3 0.441406 0.789062 0.039062 0.068750
3 0.406250 0.535156 0.046875 0.085938
3 0.285156 0.445312 0.039062 0.071875
3 0.546094 0.964844 0.042188 0.064062
3 0.613281 0.564844 0.042188 0.067187
3 0.422656 0.703906 0.039062 0.067187
3 0.167969 0.264062 0.035937 0.065625
3 0.469531 0.546875 0.042188 0.084375
3 0.455469 0.457813 0.035937 0.065625
3 0.306250 0.772656 0.040625 0.076563
3 0.103125 0.493750 0.043750 0.062500
3 0.178906 0.918750 0.042188 0.068750
