3 0.584375 0.892969 0.037500 0.089063
4 0.127344 0.545312 0.045312 0.106250
3 0.582812 0.291406 0.087500 0.035937
3 0.635938 0.939063 0.046875 0.121875
3 0.044531 0.532031 0.035937 0.089063
3 0.091406 0.432812 0.035937 0.078125
3 0.011719 0.528125 0.020313 0.096875
3 0.132031 0.435156 0.032813 0.089063
3 0.172656 0.444531 0.032813 0.089063
3 0.096094 0.794531 0.039062 0.082812
3 0.013281 0.416406 0.023438 0.064062
3 0.738281 0.489063 0.089063 0.040625
3 0.181250 0.787500 0.040625 0.084375
3 0.047656 0.417187 0.029687 0.078125
3 0.081250 0.532031 0.043750 0.098437
