4 0.432812 0.716406 0.062500 0.082812
1 0.339844 0.026562 0.073438 0.050000
4 0.492188 0.690625 0.059375 0.078125
4 0.535156 0.687500 0.051562 0.093750
4 0.675781 0.662500 0.057813 0.096875
1 0.310937 0.031250 0.065625 0.059375
0 0.900781 0.263281 0.048438 0.067187
1 0.972656 0.128125 0.054688 0.081250
1 0.022656 0.110937 0.042188 0.093750
1 0.397656 0.340625 0.064062 0.090625
4 0.587500 0.690625 0.056250 0.109375
1 0.768750 0.199219 0.062500 0.085938
1 0.847656 0.169531 0.070312 0.082812
1 0.317188 0.375000 0.059375 0.084375
1 0.050781 0.103125 0.064062 0.103125
1 0.886719 0.146094 0.070312 0.089063
4 0.632031 0.677344 0.064062 0.110937
1 0.357812 0.356250 0.062500 0.084375
1 0.492969 0.310156 0.064062 0.085938
1 0.727344 0.214062 0.060937 0.081250
1 0.932031 0.135156 0.064062 0.079687
1 0.650781 0.242969 0.060937 0.082812
1 0.607031 0.264062 0.054688 0.081250
1 0.554688 0.286719 0.059375 0.079687
1 0.130469 0.072656 0.064062 0.101562
4 0.910156 0.667969 0.067187 0.110937
4 0.185938 0.487500 0.046875 0.090625
4 0.014063 0.572656 0.025000 0.082812
4 0.037500 0.550000 0.046875 0.090625
4 0.075000 0.529687 0.046875 0.090625
4 0.110937 0.509375 0.046875 0.090625
4 0.145313 0.498437 0.046875 0.090625
0 0.985938 0.222656 0.028125 0.064062
0 0.963281 0.238281 0.048438 0.067187
0 0.927344 0.250781 0.048438 0.067187
