1 0.271635 0.469952 0.158654 0.074519
1 0.832933 0.865385 0.088942 0.173077
1 0.894231 0.890625 0.086538 0.170673
1 0.985577 0.931490 0.028846 0.137019
1 0.724760 0.455529 0.093750 0.165865
1 0.795673 0.465144 0.096154 0.189904
1 0.216346 0.328125 0.072115 0.146635
1 0.161058 0.307692 0.076923 0.149038
1 0.115385 0.292067 0.067308 0.146635
1 0.036058 0.253606 0.067308 0.156250
1 0.343750 0.091346 0.163462 0.076923
1 0.348558 0.030048 0.177885 0.055288
1 0.510817 0.027644 0.165865 0.050481
0 0.062500 0.777644 0.067308 0.108173
0 0.121394 0.784856 0.064904 0.098558
1 0.403846 0.794471 0.076923 0.156250
0 0.832933 0.234375 0.088942 0.055288
0 0.960337 0.264423 0.074519 0.048077
0 0.804087 0.120192 0.088942 0.052885
0 0.968750 0.176683 0.057692 0.050481
0 0.828125 0.058894 0.117788 0.060096
0 0.872596 0.021635 0.120192 0.038462
0 0.980769 0.114183 0.033654 0.040865
0 0.986779 0.040865 0.021635 0.043269
3 0.465144 0.425481 0.093750 0.052885
