0 0.679688 0.967969 0.062500 0.057813
3 0.564063 0.953906 0.053125 0.051562
3 0.894531 0.570312 0.045312 0.053125
3 0.928906 0.596875 0.051562 0.059375
0 0.698438 0.942969 0.059375 0.057813
0 0.775781 0.978906 0.057813 0.042188
3 0.932031 0.806250 0.048438 0.056250
3 0.533594 0.971875 0.060937 0.053125
3 0.787500 0.672656 0.050000 0.057813
3 0.896094 0.779687 0.054688 0.059375
3 0.961719 0.624219 0.054688 0.057813
3 0.842969 0.726562 0.054688 0.059375
3 0.817187 0.693750 0.050000 0.056250
3 0.696094 0.846094 0.048438 0.051562
