2 0.227344 0.011719 0.110937 0.020313
2 0.011719 0.326562 0.020313 0.084375
2 0.073438 0.695312 0.131250 0.068750
2 0.014063 0.295312 0.025000 0.096875
2 0.189844 0.456250 0.114062 0.059375
2 0.010156 0.384375 0.017188 0.068750
2 0.194531 0.403125 0.110937 0.059375
2 0.057813 0.780469 0.112500 0.064062
2 0.079687 0.450781 0.115625 0.064062
2 0.075000 0.643750 0.121875 0.068750
2 0.080469 0.392188 0.114062 0.062500
2 0.078125 0.582812 0.109375 0.068750
2 0.084375 0.337500 0.118750 0.068750
2 0.180469 0.597656 0.120313 0.067187
2 0.201563 0.288281 0.112500 0.060937
2 0.083594 0.275000 0.120313 0.065625
2 0.200000 0.344531 0.109375 0.060937
2 0.160938 0.791406 0.112500 0.060937
2 0.177344 0.657813 0.123438 0.062500
2 0.207813 0.235156 0.109375 0.057813
2 0.100781 0.047656 0.107813 0.060937
2 0.018750 0.099219 0.034375 0.064062
2 0.017969 0.157812 0.032813 0.062500
2 0.217188 0.177344 0.106250 0.060937
2 0.019531 0.041406 0.035937 0.064062
2 0.101562 0.107031 0.112500 0.060937
2 0.224219 0.057813 0.110937 0.056250
2 0.093750 0.166406 0.109375 0.057813
2 0.221094 0.118750 0.107813 0.059375
2 0.191406 0.514062 0.114062 0.059375
2 0.146875 0.911719 0.112500 0.060937
2 0.047656 0.900781 0.092188 0.054688
