3 0.311719 0.012500 0.064062 0.021875
3 0.309375 0.037500 0.062500 0.040625
3 0.288281 0.214062 0.064062 0.031250
3 0.300000 0.107031 0.065625 0.032813
1 0.822656 0.025781 0.114062 0.048438
3 0.428125 0.478906 0.071875 0.039062
1 0.880469 0.321875 0.114062 0.053125
3 0.450781 0.277344 0.073438 0.039062
3 0.428125 0.548438 0.068750 0.034375
3 0.459375 0.202344 0.062500 0.035937
1 0.865625 0.249219 0.118750 0.051562
3 0.279687 0.316406 0.065625 0.035937
1 0.830469 0.060156 0.120313 0.054688
1 0.837500 0.101562 0.121875 0.056250
1 0.839844 0.136719 0.120313 0.048438
3 0.294531 0.141406 0.076563 0.042188
1 0.970313 0.274219 0.056250 0.110937
3 0.443750 0.342969 0.065625 0.035937
1 0.871875 0.286719 0.118750 0.051562
3 0.467187 0.062500 0.071875 0.043750
1 0.864062 0.207813 0.121875 0.056250
3 0.263281 0.519531 0.073438 0.039062
3 0.260937 0.557813 0.065625 0.034375
3 0.426563 0.512500 0.075000 0.037500
