1 0.022656 0.501563 0.042188 0.090625
1 0.135156 0.489063 0.048438 0.100000
1 0.041406 0.335156 0.070312 0.151562
1 0.115625 0.425000 0.046875 0.115625
0 0.090625 0.339844 0.043750 0.067187
0 0.388281 0.975781 0.079687 0.042188
0 0.132812 0.492188 0.046875 0.087500
2 0.677344 0.015625 0.070312 0.028125
1 0.346094 0.851562 0.092188 0.062500
1 0.198437 0.185938 0.056250 0.087500
1 0.075781 0.471875 0.060937 0.137500
2 0.775000 0.301563 0.075000 0.050000
0 0.945312 0.787500 0.068750 0.059375
0 0.363281 0.942969 0.076563 0.051562
2 0.691406 0.060937 0.073438 0.056250
1 0.314844 0.621875 0.126562 0.106250
1 0.376563 0.886719 0.140625 0.085938
2 0.707812 0.103906 0.071875 0.051562
0 0.145313 0.619531 0.053125 0.079687
2 0.729688 0.161719 0.068750 0.048438
1 0.151562 0.237500 0.062500 0.100000
2 0.821094 0.396875 0.079687 0.059375
2 0.823438 0.455469 0.078125 0.054688
0 0.100781 0.635156 0.048438 0.076563
0 0.294531 0.446875 0.051562 0.084375
1 0.325000 0.810156 0.121875 0.079687
2 0.742969 0.210938 0.073438 0.050000
2 0.761719 0.253906 0.073438 0.048438
2 0.787500 0.343750 0.075000 0.046875
1 0.323437 0.760156 0.128125 0.085938
1 0.306250 0.715625 0.125000 0.090625
0 0.192188 0.608594 0.053125 0.079687
0 0.755469 0.933594 0.051562 0.079687
0 0.025000 0.658594 0.046875 0.076563
