3 0.621875 0.561719 0.059375 0.035937
3 0.626563 0.392188 0.056250 0.037500
3 0.929688 0.471875 0.037500 0.087500
3 0.625781 0.603125 0.064062 0.040625
3 0.800000 0.553125 0.037500 0.078125
3 0.627344 0.646094 0.073438 0.039062
3 0.837500 0.239063 0.037500 0.075000
3 0.841406 0.475000 0.039062 0.084375
3 0.919531 0.244531 0.035937 0.085938
3 0.721094 0.243750 0.042188 0.075000
3 0.759375 0.729688 0.043750 0.087500
3 0.630469 0.307031 0.064062 0.035937
3 0.632812 0.355469 0.059375 0.035937
3 0.885156 0.473438 0.035937 0.075000
