2 0.970313 0.106250 0.037500 0.081250
2 0.221875 0.009375 0.034375 0.015625
0 0.965625 0.873437 0.031250 0.056250
0 0.928125 0.871094 0.034375 0.060937
2 0.132812 0.008594 0.043750 0.014063
2 0.495312 0.086719 0.040625 0.095312
2 0.920312 0.101562 0.037500 0.078125
2 0.176563 0.008594 0.040625 0.014063
2 0.542188 0.090625 0.040625 0.087500
0 0.892188 0.868750 0.031250 0.062500
0 0.853125 0.866406 0.034375 0.067187
2 0.126562 0.076563 0.043750 0.084375
2 0.175781 0.078125 0.042188 0.084375
2 0.825000 0.101562 0.040625 0.081250
2 0.696094 0.351562 0.035937 0.071875
3 0.528125 0.967187 0.031250 0.065625
2 0.935937 0.349219 0.037500 0.082812
2 0.792188 0.357031 0.037500 0.073438
2 0.871875 0.103125 0.037500 0.078125
2 0.638281 0.096094 0.042188 0.079687
2 0.224219 0.080469 0.039062 0.082812
2 0.445312 0.088281 0.037500 0.082812
2 0.352344 0.589844 0.042188 0.076563
2 0.653125 0.348438 0.037500 0.071875
2 0.116406 0.334375 0.039062 0.071875
2 0.427344 0.342969 0.035937 0.070312
2 0.745313 0.355469 0.037500 0.073438
2 0.251563 0.336719 0.037500 0.073438
2 0.305469 0.586719 0.039062 0.076563
2 0.779687 0.100000 0.040625 0.078125
2 0.921094 0.607031 0.039062 0.079687
2 0.253125 0.585156 0.037500 0.076563
2 0.110937 0.581250 0.040625 0.081250
2 0.398438 0.592187 0.037500 0.078125
2 0.341406 0.339844 0.035937 0.070312
2 0.475781 0.343750 0.035937 0.071875
2 0.689844 0.097656 0.042188 0.079687
2 0.831250 0.606250 0.040625 0.078125
2 0.492188 0.592969 0.040625 0.076563
2 0.206250 0.584375 0.040625 0.075000
2 0.737500 0.100000 0.040625 0.078125
2 0.400781 0.090625 0.039062 0.078125
2 0.588281 0.597656 0.042188 0.076563
2 0.537500 0.595313 0.040625 0.078125
2 0.206250 0.336719 0.037500 0.070312
2 0.161719 0.334375 0.035937 0.071875
2 0.520312 0.344531 0.037500 0.073438
2 0.782813 0.603906 0.040625 0.079687
2 0.296875 0.337500 0.037500 0.075000
2 0.273438 0.085156 0.040625 0.076563
2 0.161719 0.582812 0.039062 0.078125
2 0.685156 0.599219 0.039062 0.079687
2 0.315625 0.086719 0.040625 0.076563
2 0.733594 0.601562 0.039062 0.078125
2 0.385937 0.341406 0.034375 0.070312
2 0.635938 0.597656 0.040625 0.076563
2 0.565625 0.347656 0.037500 0.073438
2 0.875000 0.606250 0.040625 0.078125
2 0.608594 0.347656 0.035937 0.073438
2 0.357812 0.088281 0.040625 0.076563
2 0.444531 0.591406 0.039062 0.079687
0 0.815625 0.866406 0.034375 0.067187
