2 0.553125 0.367188 0.062500 0.096875
2 0.532031 0.826562 0.067187 0.106250
2 0.461719 0.045312 0.054688 0.087500
2 0.477344 0.475000 0.064062 0.112500
2 0.205469 0.433594 0.060937 0.098437
2 0.406250 0.049219 0.056250 0.092188
2 0.510938 0.606250 0.062500 0.112500
2 0.628125 0.264844 0.062500 0.098437
2 0.178906 0.646875 0.060937 0.112500
2 0.073438 0.671094 0.056250 0.107813
2 0.607812 0.377344 0.065625 0.101562
2 0.244531 0.553125 0.054688 0.100000
2 0.351562 0.567187 0.056250 0.100000
2 0.262500 0.429688 0.059375 0.100000
2 0.438281 0.350000 0.054688 0.100000
2 0.456250 0.590625 0.062500 0.106250
2 0.492969 0.707812 0.054688 0.093750
2 0.530469 0.490625 0.067187 0.106250
2 0.404687 0.580469 0.059375 0.098437
2 0.426563 0.465625 0.062500 0.109375
2 0.369531 0.450781 0.060937 0.098437
2 0.371094 0.799219 0.064062 0.107813
2 0.335156 0.673438 0.060937 0.103125
2 0.472656 0.819531 0.067187 0.107813
2 0.142969 0.431250 0.054688 0.093750
2 0.168750 0.763281 0.062500 0.104688
2 0.389844 0.685937 0.060937 0.100000
2 0.232813 0.658594 0.059375 0.104688
2 0.142187 0.537500 0.056250 0.100000
2 0.081250 0.566406 0.059375 0.098437
2 0.321094 0.790625 0.064062 0.109375
2 0.131250 0.643750 0.056250 0.103125
2 0.422656 0.806250 0.064062 0.109375
2 0.221875 0.771875 0.065625 0.103125
2 0.385937 0.343750 0.053125 0.093750
2 0.194531 0.541406 0.054688 0.098437
2 0.441406 0.696094 0.057813 0.098437
2 0.873437 0.197656 0.062500 0.098437
2 0.489844 0.388281 0.048438 0.042188
2 0.589063 0.499219 0.065625 0.101562
2 0.568750 0.611719 0.065625 0.101562
2 0.546875 0.724219 0.065625 0.101562
2 0.928125 0.336719 0.062500 0.107813
2 0.912500 0.453906 0.062500 0.107813
2 0.899219 0.563281 0.064062 0.101562
2 0.859375 0.887500 0.071875 0.109375
2 0.843750 0.967969 0.071875 0.064062
2 0.866406 0.780469 0.054688 0.098437
2 0.031250 0.760156 0.059375 0.076563
0 0.030469 0.120313 0.057813 0.075000
0 0.095312 0.035937 0.059375 0.068750
0 0.150000 0.021094 0.056250 0.039062
0 0.164062 0.076563 0.062500 0.084375
0 0.114062 0.107031 0.062500 0.082812
0 0.189062 0.164844 0.062500 0.082812
0 0.251563 0.141406 0.078125 0.079687
0 0.229687 0.064844 0.078125 0.079687
0 0.220312 0.014844 0.062500 0.026562
0 0.028906 0.043750 0.054688 0.084375
