3 0.594531 0.691406 0.073438 0.032813
3 0.435937 0.544531 0.059375 0.070312
3 0.950000 0.634375 0.065625 0.031250
4 0.406250 0.953906 0.046875 0.092188
4 0.440625 0.954688 0.053125 0.090625
0 0.984375 0.980469 0.031250 0.039062
4 0.503125 0.954688 0.043750 0.090625
4 0.345313 0.952344 0.043750 0.095312
3 0.892969 0.491406 0.039062 0.082812
3 0.751563 0.645312 0.075000 0.037500
3 0.963281 0.500781 0.042188 0.070312
3 0.360156 0.688281 0.079687 0.039062
3 0.527344 0.603125 0.154688 0.100000
3 0.079687 0.691406 0.075000 0.039062
