3 0.275000 0.642188 0.087500 0.071875
3 0.635938 0.289062 0.081250 0.081250
3 0.673438 0.264062 0.065625 0.068750
3 0.704688 0.232813 0.065625 0.068750
3 0.807813 0.150000 0.065625 0.068750
3 0.925781 0.043750 0.067187 0.068750
3 0.967187 0.029687 0.065625 0.056250
3 0.303906 0.607812 0.067187 0.068750
3 0.353906 0.564063 0.067187 0.068750
3 0.388281 0.534375 0.067187 0.068750
3 0.412500 0.501563 0.078125 0.071875
3 0.448437 0.471875 0.065625 0.068750
3 0.539062 0.395313 0.065625 0.068750
3 0.607031 0.320312 0.067187 0.068750
3 0.500000 0.417969 0.087500 0.076563
