3 0.928906 0.050000 0.067187 0.053125
3 0.957812 0.071875 0.050000 0.043750
3 0.704688 0.206250 0.059375 0.056250
3 0.685937 0.179688 0.062500 0.053125
3 0.828906 0.094531 0.064062 0.048438
3 0.816406 0.059375 0.057813 0.043750
3 0.614062 0.045312 0.062500 0.043750
3 0.597656 0.014844 0.070312 0.026562
3 0.799219 0.027344 0.060937 0.045312
3 0.706250 0.209375 0.059375 0.053125
3 0.725000 0.240625 0.059375 0.056250
3 0.667969 0.146875 0.064062 0.050000
3 0.746875 0.269531 0.056250 0.054688
3 0.651563 0.117188 0.062500 0.043750
3 0.881250 0.429688 0.062500 0.059375
3 0.904687 0.460156 0.059375 0.060937
3 0.632812 0.092188 0.062500 0.046875
