4 0.412500 0.206250 0.093750 0.096875
4 0.277344 0.287500 0.051562 0.062500
4 0.316406 0.315625 0.051562 0.062500
1 0.475000 0.267188 0.093750 0.096875
4 0.709375 0.775781 0.075000 0.095312
1 0.496875 0.298438 0.093750 0.096875
1 0.903125 0.954688 0.109375 0.087500
1 0.932813 0.914062 0.109375 0.087500
0 0.628125 0.855469 0.056250 0.070312
0 0.520312 0.939844 0.056250 0.070312
0 0.437500 0.944531 0.056250 0.070312
0 0.381250 0.902344 0.056250 0.070312
0 0.234375 0.699219 0.056250 0.070312
0 0.171875 0.613281 0.056250 0.070312
0 0.143750 0.532031 0.056250 0.070312
0 0.245312 0.503906 0.056250 0.070312
4 0.346094 0.417969 0.076563 0.095312
4 0.533594 0.332031 0.085938 0.092188
0 0.587500 0.328906 0.062500 0.060937
4 0.606250 0.027344 0.084375 0.051562
4 0.660156 0.032813 0.082812 0.062500
4 0.694531 0.066406 0.082812 0.076563
4 0.291406 0.584375 0.073438 0.075000
4 0.461719 0.607031 0.082812 0.076563
0 0.639844 0.703125 0.060937 0.056250
1 0.255469 0.947656 0.132812 0.095312
1 0.303906 0.967187 0.079687 0.056250
4 0.466406 0.446094 0.110937 0.095312
4 0.364844 0.528125 0.073438 0.075000
4 0.364844 0.468750 0.073438 0.075000
4 0.442969 0.406250 0.073438 0.075000
