3 0.293750 0.304688 0.028125 0.056250
3 0.227344 0.461719 0.042188 0.057813
3 0.221875 0.232031 0.028125 0.057813
3 0.326562 0.223438 0.031250 0.062500
3 0.328125 0.295312 0.031250 0.065625
3 0.050000 0.225000 0.028125 0.056250
3 0.124219 0.467969 0.026562 0.060937
3 0.330469 0.460156 0.032813 0.057813
3 0.152344 0.067187 0.029687 0.059375
3 0.221094 0.065625 0.032813 0.075000
3 0.082812 0.060937 0.028125 0.056250
3 0.257031 0.221094 0.026562 0.064062
3 0.157812 0.463281 0.031250 0.060937
3 0.359375 0.065625 0.037500 0.059375
3 0.189844 0.461719 0.032813 0.057813
3 0.292187 0.061719 0.031250 0.079687
3 0.114844 0.060937 0.029687 0.059375
3 0.053125 0.310156 0.034375 0.064062
3 0.020313 0.309375 0.031250 0.068750
3 0.023438 0.472656 0.031250 0.057813
3 0.084375 0.307031 0.031250 0.060937
3 0.157031 0.305469 0.029687 0.060937
3 0.016406 0.235937 0.026562 0.062500
3 0.124219 0.308594 0.029687 0.067187
3 0.257812 0.461719 0.034375 0.064062
3 0.088281 0.466406 0.029687 0.064062
3 0.224219 0.307812 0.026562 0.056250
3 0.190625 0.233594 0.031250 0.060937
3 0.188281 0.064062 0.032813 0.065625
3 0.050781 0.570312 0.032813 0.065625
3 0.020313 0.569531 0.028125 0.064062
3 0.293750 0.229687 0.028125 0.059375
3 0.054688 0.467187 0.028125 0.059375
3 0.153906 0.231250 0.032813 0.065625
3 0.119531 0.228125 0.032813 0.065625
3 0.190625 0.306250 0.028125 0.065625
3 0.363281 0.466406 0.035937 0.067187
3 0.359375 0.226562 0.031250 0.068750
3 0.083594 0.224219 0.032813 0.064062
3 0.293750 0.463281 0.034375 0.079687
3 0.049219 0.060937 0.032813 0.062500
3 0.016406 0.060937 0.029687 0.062500
3 0.256250 0.063281 0.031250 0.067187
3 0.359375 0.295312 0.031250 0.065625
3 0.328125 0.062500 0.037500 0.059375
