1 0.972656 0.458594 0.054688 0.051562
1 0.985156 0.528125 0.029687 0.053125
1 0.042188 0.321094 0.075000 0.067187
1 0.057031 0.550000 0.110937 0.059375
1 0.034375 0.261719 0.065625 0.067187
1 0.044531 0.382031 0.085938 0.064062
1 0.050781 0.492969 0.098437 0.073438
4 0.342187 0.217188 0.115625 0.053125
4 0.355469 0.263281 0.120313 0.054688
4 0.368750 0.312500 0.115625 0.053125
4 0.440625 0.702344 0.112500 0.057813
4 0.229687 0.806250 0.078125 0.056250
4 0.557813 0.671875 0.065625 0.046875
4 0.342969 0.510938 0.054688 0.081250
4 0.388281 0.503125 0.054688 0.081250
4 0.423438 0.484375 0.040625 0.068750
4 0.474219 0.471875 0.054688 0.081250
4 0.516406 0.467187 0.054688 0.081250
4 0.544531 0.563281 0.085938 0.051562
