3 0.496875 0.837500 0.037500 0.062500
3 0.845313 0.155469 0.037500 0.064062
3 0.977344 0.419531 0.035937 0.070312
3 0.603125 0.782031 0.037500 0.060937
3 0.394531 0.828125 0.032813 0.065625
3 0.707812 0.800000 0.031250 0.056250
3 0.948438 0.595313 0.034375 0.059375
3 0.952344 0.339844 0.039062 0.064062
3 0.879687 0.158594 0.034375 0.064062
3 0.464844 0.828906 0.032813 0.064062
3 0.498437 0.095312 0.043750 0.078125
3 0.535937 0.984375 0.050000 0.031250
3 0.743750 0.802344 0.034375 0.064062
3 0.910937 0.411719 0.040625 0.070312
3 0.885156 0.335156 0.035937 0.070312
3 0.404687 0.752344 0.034375 0.064062
3 0.359375 0.975781 0.037500 0.045312
3 0.767969 0.638281 0.035937 0.076563
3 0.802344 0.647656 0.035937 0.070312
3 0.359375 0.817187 0.034375 0.065625
3 0.567969 0.604688 0.039062 0.081250
3 0.140625 0.460938 0.084375 0.046875
3 0.943750 0.416406 0.040625 0.070312
3 0.434375 0.980469 0.040625 0.039062
3 0.427344 0.833594 0.032813 0.064062
3 0.914062 0.161719 0.040625 0.073438
3 0.692187 0.874219 0.043750 0.076563
3 0.732031 0.876563 0.035937 0.068750
3 0.734375 0.632812 0.034375 0.065625
3 0.837500 0.651563 0.034375 0.068750
3 0.649219 0.314063 0.039062 0.084375
3 0.717187 0.550000 0.037500 0.075000
3 0.745313 0.137500 0.040625 0.078125
3 0.637500 0.617969 0.031250 0.070312
3 0.671094 0.621875 0.032813 0.071875
3 0.678125 0.550781 0.037500 0.070312
3 0.398438 0.978125 0.037500 0.043750
3 0.543750 0.106250 0.040625 0.078125
3 0.532813 0.600000 0.040625 0.075000
3 0.787500 0.317188 0.037500 0.068750
3 0.592969 0.864062 0.039062 0.065625
3 0.834375 0.293750 0.037500 0.071875
3 0.703906 0.382031 0.039062 0.076563
3 0.882812 0.582812 0.031250 0.071875
3 0.842969 0.572656 0.032813 0.073438
3 0.568750 0.780469 0.037500 0.060937
