3 0.028125 0.653125 0.053125 0.065625
3 0.663281 0.045312 0.076563 0.065625
3 0.561719 0.225781 0.070312 0.057813
3 0.791406 0.082031 0.064062 0.060937
3 0.764062 0.056250 0.062500 0.056250
3 0.422656 0.081250 0.064062 0.062500
3 0.066406 0.050781 0.057813 0.057813
3 0.474219 0.121875 0.060937 0.059375
3 0.299219 0.052344 0.076563 0.067187
3 0.242969 0.315625 0.060937 0.059375
3 0.396875 0.460156 0.065625 0.064062
3 0.396875 0.054688 0.062500 0.062500
3 0.159375 0.150000 0.059375 0.065625
3 0.500781 0.241406 0.060937 0.057813
3 0.183594 0.577344 0.064062 0.064062
3 0.118750 0.102344 0.059375 0.057813
3 0.626563 0.260156 0.065625 0.057813
3 0.325781 0.080469 0.067187 0.060937
3 0.517969 0.173437 0.064062 0.056250
3 0.229687 0.222656 0.068750 0.064062
3 0.272656 0.035937 0.076563 0.065625
3 0.452344 0.200781 0.060937 0.057813
3 0.640625 0.358594 0.075000 0.067187
3 0.721094 0.105469 0.070312 0.060937
