3 0.372656 0.191406 0.042188 0.079687
3 0.539062 0.235937 0.043750 0.078125
1 0.979688 0.252344 0.040625 0.035937
1 0.982031 0.206250 0.035937 0.046875
1 0.946875 0.988281 0.106250 0.023438
1 0.948438 0.950781 0.103125 0.045312
1 0.959375 0.910937 0.081250 0.043750
1 0.965625 0.872656 0.068750 0.042188
1 0.964063 0.835938 0.071875 0.043750
1 0.971094 0.794531 0.057813 0.042188
1 0.976562 0.717969 0.046875 0.051562
1 0.976562 0.671875 0.046875 0.037500
1 0.982031 0.636719 0.035937 0.029687
1 0.985156 0.160156 0.029687 0.039062
