3 0.027344 0.352344 0.051562 0.051562
3 0.110937 0.528906 0.059375 0.045312
3 0.975781 0.693750 0.045312 0.075000
3 0.785937 0.806250 0.043750 0.059375
3 0.059375 0.430469 0.056250 0.045312
3 0.625000 0.413281 0.059375 0.079687
3 0.087500 0.498437 0.062500 0.050000
3 0.946875 0.714844 0.046875 0.064062
3 0.917969 0.732031 0.042188 0.064062
3 0.710938 0.664844 0.050000 0.073438
3 0.894531 0.564844 0.048438 0.067187
3 0.870313 0.753906 0.053125 0.073438
3 0.819531 0.795312 0.048438 0.065625
3 0.042188 0.401562 0.065625 0.050000
3 0.123438 0.565625 0.062500 0.046875
4 0.720313 0.110156 0.112500 0.139063
3 0.032813 0.745313 0.062500 0.046875
3 0.785937 0.627344 0.050000 0.073438
