3 0.010156 0.460156 0.020313 0.064062
3 0.944531 0.980469 0.039062 0.039062
3 0.902344 0.802344 0.076563 0.067187
3 0.723437 0.027344 0.059375 0.051562
3 0.458594 0.989062 0.051562 0.021875
3 0.987500 0.962500 0.025000 0.056250
3 0.797656 0.801562 0.064062 0.046875
3 0.985937 0.750000 0.028125 0.046875
3 0.303906 0.286719 0.048438 0.064062
3 0.100000 0.403125 0.046875 0.062500
3 0.929688 0.985937 0.031250 0.028125
3 0.900781 0.530469 0.042188 0.060937
3 0.276563 0.305469 0.043750 0.060937
3 0.714063 0.635156 0.043750 0.064062
3 0.603906 0.920313 0.054688 0.043750
3 0.347656 0.835938 0.042188 0.062500
3 0.928906 0.514063 0.045312 0.065625
3 0.548437 0.128906 0.046875 0.067187
3 0.757031 0.019531 0.048438 0.039062
3 0.754687 0.621875 0.053125 0.068750
3 0.876562 0.828125 0.068750 0.062500
3 0.895312 0.989844 0.037500 0.020313
3 0.470313 0.767187 0.050000 0.062500
3 0.960938 0.973437 0.031250 0.050000
3 0.945312 0.725781 0.056250 0.048438
3 0.505469 0.749219 0.045312 0.060937
3 0.676562 0.871094 0.068750 0.054688
3 0.599219 0.705469 0.048438 0.064062
3 0.220313 0.123438 0.053125 0.078125
3 0.583594 0.112500 0.054688 0.081250
3 0.970312 0.779688 0.056250 0.050000
3 0.207031 0.341406 0.048438 0.067187
3 0.030469 0.432813 0.048438 0.062500
3 0.869531 0.548437 0.048438 0.065625
3 0.452344 0.194531 0.045312 0.067187
3 0.131250 0.381250 0.046875 0.065625
3 0.860156 0.765625 0.057813 0.046875
3 0.631250 0.966406 0.056250 0.048438
3 0.782031 0.603906 0.048438 0.060937
3 0.534375 0.732031 0.053125 0.064062
3 0.244531 0.321875 0.045312 0.065625
3 0.838281 0.567969 0.054688 0.073438
3 0.657031 0.671094 0.048438 0.060937
3 0.393750 0.229687 0.046875 0.065625
3 0.382031 0.822656 0.042188 0.060937
3 0.689062 0.034375 0.059375 0.068750
3 0.065625 0.418750 0.050000 0.068750
3 0.691406 0.667188 0.048438 0.068750
