0 0.813281 0.019531 0.064062 0.035937
0 0.380469 0.226562 0.051562 0.046875
0 0.741406 0.165625 0.042188 0.068750
1 0.628125 0.596094 0.053125 0.135937
0 0.683594 0.007812 0.039062 0.012500
0 0.198437 0.986719 0.062500 0.026562
0 0.601562 0.929688 0.043750 0.056250
0 0.434375 0.328125 0.053125 0.046875
0 0.477344 0.403125 0.060937 0.050000
0 0.644531 0.017969 0.045312 0.032813
0 0.176563 0.961719 0.059375 0.054688
0 0.911719 0.110937 0.045312 0.065625
0 0.748437 0.741406 0.059375 0.039062
0 0.778906 0.158594 0.042188 0.064062
0 0.864062 0.128906 0.043750 0.064062
0 0.414062 0.296094 0.056250 0.048438
0 0.517188 0.479687 0.056250 0.046875
0 0.450000 0.358594 0.053125 0.042188
0 0.821094 0.142969 0.042188 0.064062
0 0.498437 0.439063 0.059375 0.046875
0 0.653125 0.064844 0.056250 0.039062
0 0.547656 0.608594 0.064062 0.067187
0 0.480469 0.652344 0.064062 0.067187
1 0.411719 0.828125 0.126562 0.087500
1 0.469531 0.915625 0.126562 0.087500
1 0.521875 0.982812 0.106250 0.034375
