1 0.247656 0.728125 0.045312 0.109375
0 0.601562 0.782031 0.031250 0.073438
0 0.631250 0.786719 0.037500 0.073438
0 0.437500 0.758594 0.043750 0.073438
0 0.687500 0.792188 0.037500 0.068750
0 0.874219 0.796094 0.039062 0.070312
1 0.059375 0.691406 0.056250 0.145313
0 0.932813 0.794531 0.037500 0.070312
0 0.750781 0.792188 0.039062 0.071875
0 0.807813 0.789844 0.037500 0.070312
0 0.499219 0.764063 0.039062 0.071875
1 0.689062 0.436719 0.056250 0.157813
0 0.556250 0.771094 0.037500 0.070312
1 0.772656 0.435156 0.057813 0.160938
