0 0.153846 0.545673 0.086538 0.105769
0 0.233173 0.579327 0.086538 0.105769
0 0.296875 0.593750 0.074519 0.105769
0 0.362981 0.626202 0.076923 0.108173
0 0.418269 0.640625 0.076923 0.108173
0 0.466346 0.657452 0.076923 0.108173
0 0.524038 0.669471 0.076923 0.108173
0 0.584135 0.683894 0.076923 0.108173
0 0.651442 0.707933 0.076923 0.108173
0 0.713942 0.719952 0.076923 0.108173
0 0.776442 0.734375 0.076923 0.108173
0 0.836538 0.756010 0.076923 0.108173
0 0.903846 0.765625 0.076923 0.108173
0 0.973558 0.752404 0.052885 0.105769
1 0.536058 0.914663 0.158654 0.084135
1 0.348558 0.852163 0.158654 0.064904
2 0.100962 0.900240 0.076923 0.117788
2 0.421875 0.960337 0.074519 0.079327
0 0.174279 0.917067 0.074519 0.117788
2 0.030048 0.967548 0.055288 0.064904
0 0.229567 0.948317 0.074519 0.103365
0 0.296875 0.948317 0.074519 0.103365
