3 0.098437 0.042188 0.068750 0.034375
3 0.257812 0.571094 0.053125 0.064062
3 0.188281 0.689844 0.070312 0.035937
3 0.512500 0.503125 0.068750 0.043750
3 0.167187 0.765625 0.046875 0.071875
3 0.031250 0.501563 0.059375 0.040625
3 0.343750 0.664062 0.050000 0.065625
3 0.060937 0.014844 0.078125 0.026562
3 0.250781 0.746875 0.082812 0.046875
3 0.023438 0.616406 0.043750 0.079687
3 0.139844 0.096875 0.064062 0.034375
3 0.376563 0.691406 0.046875 0.073438
3 0.179688 0.132812 0.065625 0.040625
3 0.387500 0.376563 0.068750 0.043750
3 0.572656 0.557813 0.076563 0.046875
3 0.631250 0.620313 0.090625 0.046875
3 0.203906 0.508594 0.051562 0.076563
3 0.042969 0.535156 0.067187 0.039062
3 0.342969 0.313281 0.076563 0.042188
3 0.361719 0.562500 0.051562 0.078125
3 0.135156 0.625781 0.064062 0.039062
3 0.304688 0.506250 0.050000 0.071875
3 0.167969 0.655469 0.076563 0.045312
3 0.108594 0.590625 0.067187 0.040625
3 0.081250 0.673438 0.050000 0.078125
3 0.203906 0.162500 0.073438 0.043750
3 0.310937 0.820312 0.075000 0.043750
3 0.393750 0.593750 0.040625 0.075000
