1 0.033654 0.349760 0.062500 0.161058
1 0.072115 0.937500 0.086538 0.120192
1 0.234375 0.579327 0.103365 0.173077
1 0.182692 0.510817 0.086538 0.151442
1 0.102163 0.562500 0.093750 0.158654
1 0.669471 0.373798 0.064904 0.151442
1 0.951923 0.105769 0.076923 0.168269
1 0.772837 0.365385 0.060096 0.120192
1 0.879808 0.388221 0.062500 0.103365
4 0.924279 0.453125 0.060096 0.108173
4 0.972356 0.460337 0.050481 0.108173
1 0.721154 0.039663 0.052885 0.074519
1 0.770433 0.044471 0.050481 0.084135
1 0.819712 0.050481 0.057692 0.096154
