1 0.659375 0.829688 0.146875 0.109375
1 0.739062 0.714063 0.146875 0.109375
1 0.773438 0.682813 0.134375 0.096875
1 0.850781 0.660937 0.157812 0.118750
1 0.832812 0.595313 0.131250 0.115625
1 0.864062 0.548438 0.121875 0.112500
1 0.895312 0.514062 0.131250 0.118750
1 0.946875 0.659375 0.106250 0.100000
1 0.963281 0.601562 0.073438 0.068750
1 0.980469 0.550000 0.039062 0.059375
1 0.795312 0.876563 0.118750 0.093750
1 0.831250 0.826562 0.121875 0.096875
1 0.770312 0.920312 0.118750 0.093750
1 0.743750 0.951562 0.118750 0.093750
1 0.648438 0.950781 0.128125 0.098437
