0 0.258594 0.422656 0.051562 0.060937
0 0.980469 0.127344 0.035937 0.067187
0 0.941406 0.118750 0.042188 0.068750
0 0.986719 0.038281 0.026562 0.067187
0 0.705469 0.657813 0.054688 0.071875
0 0.904687 0.117188 0.037500 0.065625
0 0.324219 0.452344 0.045312 0.057813
3 0.111719 0.948438 0.054688 0.065625
0 0.921094 0.030469 0.039062 0.057813
3 0.504687 0.870313 0.059375 0.071875
0 0.392969 0.488281 0.048438 0.060937
3 0.370312 0.807031 0.059375 0.060937
0 0.289062 0.431250 0.046875 0.059375
0 0.731250 0.668750 0.050000 0.065625
0 0.762500 0.685156 0.050000 0.067187
0 0.357031 0.472656 0.048438 0.060937
0 0.877344 0.730469 0.057813 0.070312
1 0.924219 0.447656 0.048438 0.095312
0 0.841406 0.711719 0.054688 0.070312
3 0.442969 0.839844 0.054688 0.073438
3 0.625000 0.935937 0.050000 0.065625
0 0.878906 0.032031 0.039062 0.060937
0 0.869531 0.114062 0.039062 0.068750
3 0.414844 0.819531 0.048438 0.064062
1 0.832812 0.327344 0.046875 0.101562
1 0.815625 0.434375 0.053125 0.109375
1 0.967187 0.453906 0.050000 0.101562
1 0.857031 0.445312 0.057813 0.109375
0 0.809375 0.697656 0.056250 0.070312
