3 0.033594 0.513281 0.035937 0.079687
3 0.692969 0.554688 0.032813 0.065625
3 0.325781 0.809375 0.076563 0.037500
3 0.060937 0.692187 0.037500 0.068750
3 0.712500 0.401562 0.031250 0.065625
3 0.407813 0.510156 0.037500 0.070312
3 0.487500 0.501563 0.040625 0.090625
3 0.304688 0.690625 0.040625 0.071875
3 0.499219 0.689063 0.035937 0.068750
3 0.132031 0.691406 0.039062 0.070312
3 0.535156 0.685937 0.035937 0.078125
3 0.025781 0.694531 0.032813 0.073438
3 0.171094 0.693750 0.035937 0.075000
3 0.014063 0.521875 0.025000 0.081250
3 0.696875 0.769531 0.056250 0.085938
3 0.347656 0.689844 0.035937 0.070312
3 0.234375 0.692969 0.037500 0.073438
3 0.382031 0.686719 0.035937 0.073438
3 0.097656 0.693750 0.039062 0.071875
3 0.459375 0.689844 0.040625 0.073438
3 0.270313 0.696094 0.034375 0.070312
3 0.446875 0.807031 0.075000 0.039062
3 0.711719 0.677344 0.039062 0.073438
3 0.077344 0.513281 0.035937 0.079687
3 0.375000 0.502344 0.037500 0.070312
