2 0.510156 0.653125 0.064062 0.043750
2 0.519531 0.685156 0.064062 0.045312
2 0.564063 0.789062 0.062500 0.043750
2 0.587500 0.857812 0.078125 0.050000
2 0.604688 0.885156 0.081250 0.057813
2 0.617188 0.914062 0.068750 0.053125
1 0.747656 0.270313 0.089063 0.056250
1 0.762500 0.301563 0.093750 0.059375
0 0.334375 0.478906 0.059375 0.085938
0 0.307812 0.400781 0.050000 0.073438
0 0.289062 0.337500 0.043750 0.062500
0 0.269531 0.273438 0.051562 0.068750
0 0.631250 0.543750 0.037500 0.050000
3 0.060937 0.393750 0.059375 0.043750
3 0.057813 0.334375 0.059375 0.034375
3 0.057031 0.239063 0.057813 0.034375
3 0.051562 0.300000 0.078125 0.043750
1 0.310156 0.258594 0.067187 0.151562
3 0.073438 0.472656 0.050000 0.039062
3 0.028906 0.147656 0.054688 0.045312
