3 0.454688 0.310156 0.043750 0.064062
1 0.954688 0.279687 0.071875 0.103125
0 0.982812 0.857812 0.034375 0.056250
3 0.560937 0.408594 0.046875 0.064062
3 0.215625 0.408594 0.040625 0.064062
3 0.321875 0.354687 0.043750 0.068750
0 0.966406 0.794531 0.057813 0.057813
0 0.932031 0.726562 0.070312 0.053125
3 0.646875 0.577344 0.043750 0.067187
3 0.389062 0.339062 0.046875 0.068750
3 0.284375 0.377344 0.043750 0.064062
0 0.914844 0.695312 0.076563 0.053125
0 0.953906 0.760938 0.070312 0.050000
0 0.975000 0.832031 0.050000 0.048438
