3 0.121875 0.679688 0.075000 0.059375
3 0.020313 0.093750 0.037500 0.065625
3 0.913281 0.981250 0.064062 0.037500
3 0.720313 0.152344 0.062500 0.051562
3 0.980469 0.971875 0.035937 0.053125
3 0.703906 0.125000 0.060937 0.050000
3 0.532031 0.231250 0.060937 0.046875
3 0.660937 0.053906 0.068750 0.054688
3 0.036719 0.725000 0.070312 0.059375
3 0.739844 0.181250 0.060937 0.046875
3 0.760938 0.575000 0.043750 0.059375
3 0.132812 0.031250 0.053125 0.059375
3 0.097656 0.042188 0.060937 0.071875
3 0.550781 0.263281 0.060937 0.048438
3 0.917969 0.846094 0.051562 0.070312
3 0.689844 0.094531 0.060937 0.048438
3 0.041406 0.078125 0.051562 0.065625
3 0.515625 0.198437 0.062500 0.046875
3 0.641406 0.020313 0.057813 0.037500
3 0.196094 0.629687 0.076563 0.065625
3 0.269531 0.589063 0.073438 0.075000
