3 0.966406 0.100000 0.060937 0.087500
3 0.250000 0.490625 0.031250 0.068750
3 0.457813 0.111719 0.031250 0.067187
3 0.735938 0.264844 0.062500 0.032813
3 0.414844 0.117188 0.039062 0.068750
3 0.286719 0.121094 0.032813 0.073438
3 0.489844 0.109375 0.032813 0.065625
3 0.486719 0.561719 0.029687 0.067187
3 0.316406 0.316406 0.032813 0.067187
3 0.646875 0.020313 0.062500 0.037500
3 0.357812 0.311719 0.034375 0.073438
3 0.222656 0.123438 0.029687 0.065625
3 0.370312 0.107813 0.034375 0.065625
3 0.325000 0.110156 0.034375 0.073438
3 0.139844 0.031250 0.073438 0.040625
3 0.409375 0.576562 0.034375 0.078125
3 0.363281 0.471875 0.032813 0.071875
3 0.527344 0.115625 0.039062 0.068750
3 0.482031 0.474219 0.032813 0.076563
3 0.764062 0.129688 0.062500 0.034375
3 0.842969 0.094531 0.082812 0.039062
3 0.188281 0.112500 0.032813 0.062500
3 0.513281 0.303906 0.039062 0.082812
3 0.441406 0.471875 0.032813 0.065625
3 0.434375 0.296875 0.037500 0.075000
3 0.760938 0.174219 0.071875 0.039062
3 0.323437 0.482812 0.034375 0.068750
3 0.296875 0.560937 0.031250 0.068750
3 0.339062 0.560937 0.031250 0.068750
