2 0.467969 0.027344 0.051562 0.051562
1 0.164062 0.985156 0.050000 0.029687
1 0.800781 0.603906 0.076563 0.120313
2 0.447656 0.416406 0.057813 0.110937
2 0.763281 0.470313 0.067187 0.112500
2 0.817187 0.484375 0.068750 0.115625
2 0.027344 0.343750 0.051562 0.112500
2 0.020313 0.467969 0.037500 0.101562
2 0.681250 0.321094 0.068750 0.110937
1 0.784375 0.343750 0.078125 0.125000
2 0.462500 0.673438 0.068750 0.100000
2 0.475000 0.555469 0.062500 0.104688
1 0.099219 0.984375 0.054688 0.031250
2 0.407813 0.663281 0.062500 0.117188
2 0.517188 0.295312 0.059375 0.096875
2 0.872656 0.485156 0.064062 0.104688
2 0.969531 0.510156 0.054688 0.104688
2 0.493750 0.425781 0.059375 0.110937
2 0.045312 0.983594 0.053125 0.032813
2 0.529687 0.560937 0.065625 0.106250
2 0.923438 0.495312 0.062500 0.103125
2 0.425781 0.548438 0.057813 0.109375
2 0.153906 0.235937 0.067187 0.109375
2 0.074219 0.353125 0.064062 0.103125
2 0.056250 0.474219 0.068750 0.104688
2 0.321875 0.528125 0.068750 0.112500
2 0.783594 0.727344 0.070312 0.107813
2 0.980469 0.753125 0.039062 0.103125
2 0.582031 0.569531 0.064062 0.104688
2 0.132031 0.379688 0.070312 0.106250
2 0.657813 0.446094 0.065625 0.104688
2 0.341406 0.407031 0.064062 0.107813
2 0.938281 0.748437 0.064062 0.112500
2 0.255469 0.653125 0.064062 0.090625
2 0.271094 0.521875 0.064062 0.109375
2 0.357031 0.271875 0.064062 0.112500
2 0.038281 0.596875 0.067187 0.115625
2 0.086719 0.620313 0.067187 0.106250
2 0.550781 0.430469 0.067187 0.114062
2 0.109375 0.501563 0.068750 0.103125
2 0.095312 0.222656 0.059375 0.101562
2 0.286719 0.402344 0.064062 0.101562
2 0.639062 0.575000 0.065625 0.103125
2 0.236719 0.388281 0.064062 0.104688
2 0.921094 0.873437 0.067187 0.109375
2 0.604688 0.435156 0.068750 0.117188
2 0.741406 0.592187 0.067187 0.118750
1 0.887500 0.360938 0.065625 0.115625
1 0.951562 0.362500 0.065625 0.115625
1 0.955469 0.623437 0.064062 0.112500
