2 0.485938 0.732812 0.068750 0.109375
2 0.968750 0.545312 0.059375 0.128125
2 0.407813 0.571094 0.071875 0.123438
2 0.726562 0.907813 0.071875 0.109375
2 0.380469 0.028125 0.057813 0.053125
2 0.107031 0.393750 0.064062 0.115625
2 0.939063 0.807031 0.071875 0.123438
2 0.591406 0.757812 0.064062 0.103125
2 0.641406 0.507031 0.067187 0.114062
2 0.985938 0.039844 0.028125 0.076563
2 0.871875 0.807813 0.062500 0.106250
2 0.825781 0.667188 0.070312 0.112500
2 0.431250 0.727344 0.068750 0.098437
2 0.591406 0.756250 0.064062 0.106250
2 0.853125 0.935937 0.071875 0.109375
2 0.784375 0.925781 0.068750 0.107813
2 0.564844 0.877344 0.070312 0.107813
2 0.347656 0.567187 0.070312 0.112500
2 0.169531 0.664062 0.067187 0.106250
2 0.458594 0.862500 0.067187 0.109375
2 0.958594 0.690625 0.067187 0.128125
2 0.642969 0.767188 0.067187 0.103125
2 0.191406 0.535937 0.067187 0.109375
2 0.890625 0.681250 0.068750 0.103125
2 0.914062 0.942187 0.071875 0.109375
2 0.665625 0.900000 0.065625 0.103125
2 0.019531 0.638281 0.035937 0.117188
2 0.253125 0.796875 0.068750 0.112500
2 0.380469 0.448437 0.076563 0.121875
2 0.135937 0.528125 0.065625 0.106250
2 0.509375 0.609375 0.071875 0.109375
2 0.987500 0.113281 0.025000 0.073438
2 0.779687 0.027344 0.056250 0.051562
2 0.457031 0.598437 0.067187 0.109375
2 0.614062 0.885938 0.065625 0.112500
2 0.380469 0.946875 0.064062 0.100000
2 0.670312 0.638281 0.071875 0.117188
2 0.117188 0.654687 0.065625 0.112500
2 0.748437 0.785156 0.065625 0.101562
2 0.447656 0.961719 0.064062 0.076563
2 0.403906 0.837500 0.070312 0.109375
2 0.693750 0.776563 0.068750 0.106250
2 0.803125 0.795312 0.071875 0.109375
2 0.327344 0.944531 0.070312 0.104688
2 0.908594 0.538281 0.070312 0.123438
2 0.583594 0.495312 0.067187 0.125000
2 0.723437 0.653906 0.068750 0.117188
2 0.771875 0.661719 0.068750 0.114062
2 0.048438 0.385156 0.062500 0.117188
2 0.357031 0.814063 0.067187 0.128125
2 0.850000 0.525000 0.068750 0.128125
2 0.657813 0.029687 0.053125 0.056250
2 0.792969 0.517969 0.060937 0.126562
2 0.378906 0.709375 0.070312 0.115625
2 0.535156 0.470313 0.073438 0.125000
2 0.486719 0.472656 0.064062 0.101562
2 0.617188 0.629687 0.071875 0.121875
2 0.778906 0.108594 0.057813 0.107813
2 0.032031 0.510156 0.057813 0.114062
2 0.080469 0.512500 0.070312 0.109375
2 0.153125 0.783594 0.065625 0.114062
2 0.747656 0.514844 0.064062 0.120313
2 0.276562 0.680469 0.075000 0.123438
2 0.942969 0.020313 0.054688 0.037500
2 0.885938 0.023438 0.056250 0.043750
2 0.946875 0.209375 0.059375 0.106250
2 0.943750 0.096094 0.056250 0.104688
2 0.324219 0.028125 0.057813 0.053125
2 0.601562 0.028906 0.053125 0.054688
2 0.605469 0.116406 0.057813 0.107813
2 0.317969 0.107031 0.057813 0.107813
