0 0.348438 0.073438 0.059375 0.031250
1 0.367969 0.275000 0.092188 0.037500
1 0.724219 0.710156 0.035937 0.082812
0 0.455469 0.143750 0.057813 0.037500
0 0.450781 0.107813 0.057813 0.034375
1 0.675000 0.738281 0.043750 0.135937
0 0.464062 0.360938 0.062500 0.034375
0 0.618750 0.182031 0.062500 0.029687
1 0.679688 0.392188 0.125000 0.043750
0 0.714844 0.096094 0.060937 0.035937
0 0.464844 0.272656 0.060937 0.032813
0 0.476562 0.782031 0.034375 0.070312
0 0.435156 0.784375 0.035937 0.071875
0 0.714844 0.138281 0.057813 0.032813
0 0.364063 0.152344 0.062500 0.032813
0 0.314063 0.787500 0.034375 0.068750
0 0.721094 0.182812 0.060937 0.028125
0 0.447656 0.071094 0.057813 0.035937
0 0.391406 0.783594 0.035937 0.067187
0 0.518750 0.778906 0.034375 0.073438
