0 0.462500 0.208594 0.081250 0.067187
0 0.439844 0.034375 0.079687 0.059375
0 0.460938 0.015625 0.081250 0.028125
0 0.437500 0.249219 0.081250 0.067187
0 0.412500 0.285156 0.081250 0.067187
0 0.381250 0.322656 0.081250 0.067187
0 0.353125 0.367969 0.081250 0.067187
0 0.323437 0.403906 0.081250 0.067187
0 0.296875 0.442969 0.081250 0.067187
0 0.267188 0.478906 0.081250 0.067187
0 0.245312 0.516406 0.081250 0.067187
0 0.220312 0.553906 0.081250 0.067187
0 0.178125 0.592969 0.081250 0.067187
0 0.972656 0.271094 0.054688 0.064062
0 0.216406 0.364063 0.079687 0.059375
0 0.188281 0.400000 0.079687 0.059375
0 0.164844 0.429688 0.079687 0.059375
0 0.146094 0.464062 0.079687 0.059375
0 0.124219 0.493750 0.079687 0.059375
0 0.096094 0.530469 0.082812 0.067187
0 0.285156 0.275000 0.079687 0.059375
0 0.261719 0.301563 0.079687 0.059375
0 0.332031 0.204687 0.079687 0.059375
0 0.350781 0.175000 0.079687 0.059375
0 0.371094 0.142187 0.079687 0.059375
0 0.396094 0.106250 0.079687 0.059375
0 0.417969 0.073438 0.079687 0.059375
0 0.305469 0.240625 0.079687 0.059375
1 0.034375 0.644531 0.065625 0.070312
1 0.057031 0.603125 0.073438 0.068750
1 0.078906 0.569531 0.082812 0.073438
