4 0.489063 0.264844 0.043750 0.101562
0 0.664062 0.679688 0.059375 0.106250
4 0.443750 0.650000 0.050000 0.143750
1 0.200000 0.582031 0.118750 0.051562
4 0.767188 0.139063 0.090625 0.118750
4 0.775781 0.267188 0.054688 0.131250
4 0.716406 0.128125 0.085938 0.128125
4 0.450000 0.257812 0.040625 0.112500
4 0.393750 0.260156 0.046875 0.104688
1 0.605469 0.674219 0.048438 0.098437
1 0.975781 0.748437 0.048438 0.112500
1 0.499219 0.669531 0.048438 0.126562
1 0.410938 0.171094 0.037500 0.110937
0 0.141406 0.100781 0.067187 0.039062
1 0.549219 0.659375 0.045312 0.109375
0 0.185156 0.628906 0.073438 0.045312
1 0.207031 0.427344 0.107813 0.051562
1 0.384375 0.679688 0.037500 0.112500
1 0.182812 0.471875 0.162500 0.053125
1 0.140625 0.217969 0.112500 0.051562
1 0.140625 0.310156 0.112500 0.048438
1 0.141406 0.031250 0.101562 0.040625
1 0.455469 0.167969 0.039062 0.101562
1 0.139844 0.261719 0.114062 0.054688
0 0.714844 0.660156 0.042188 0.073438
0 0.712500 0.734375 0.056250 0.068750
1 0.504687 0.167187 0.040625 0.100000
1 0.186719 0.364844 0.114062 0.051562
1 0.139844 0.172656 0.110937 0.048438
4 0.725000 0.264844 0.034375 0.089063
4 0.660156 0.132812 0.085938 0.128125
4 0.532813 0.264844 0.043750 0.101562
4 0.584375 0.267969 0.043750 0.101562
