1 0.534375 0.182031 0.093750 0.045312
3 0.669531 0.408594 0.045312 0.073438
3 0.885938 0.721875 0.040625 0.075000
3 0.772656 0.608594 0.035937 0.076563
3 0.732031 0.607031 0.042188 0.073438
3 0.685937 0.595313 0.040625 0.075000
3 0.506250 0.653125 0.040625 0.075000
3 0.256250 0.529687 0.040625 0.075000
3 0.426563 0.568750 0.040625 0.075000
3 0.931250 0.440625 0.040625 0.075000
3 0.892969 0.440625 0.042188 0.075000
3 0.800000 0.421094 0.043750 0.076563
3 0.717187 0.403125 0.040625 0.075000
3 0.584375 0.391406 0.037500 0.085938
3 0.542188 0.383594 0.040625 0.073438
3 0.502344 0.382031 0.039062 0.082812
3 0.460938 0.371875 0.040625 0.075000
3 0.409375 0.354687 0.040625 0.075000
3 0.845313 0.434375 0.040625 0.093750
3 0.719531 0.693750 0.042188 0.081250
3 0.507812 0.857031 0.040625 0.073438
3 0.164062 0.809375 0.040625 0.075000
3 0.111719 0.312500 0.045312 0.109375
3 0.559375 0.575000 0.040625 0.093750
3 0.457813 0.650000 0.040625 0.093750
3 0.900000 0.908594 0.050000 0.095312
3 0.928906 0.721094 0.051562 0.095312
3 0.210156 0.530469 0.045312 0.098437
3 0.214062 0.798438 0.046875 0.096875
3 0.726562 0.897656 0.040625 0.073438
3 0.770312 0.897656 0.040625 0.073438
3 0.203125 0.321094 0.046875 0.098437
3 0.160156 0.313281 0.039062 0.082812
3 0.979688 0.442969 0.040625 0.079687
3 0.813281 0.613281 0.035937 0.082812
3 0.897656 0.625000 0.035937 0.078125
3 0.945312 0.622656 0.040625 0.073438
3 0.947656 0.919531 0.035937 0.079687
3 0.645312 0.876563 0.040625 0.075000
3 0.600000 0.871875 0.040625 0.075000
3 0.434375 0.830469 0.040625 0.073438
3 0.299219 0.806250 0.042188 0.075000
3 0.337500 0.546875 0.040625 0.075000
3 0.086719 0.580469 0.023438 0.104688
3 0.629687 0.670312 0.040625 0.093750
3 0.672656 0.687500 0.035937 0.084375
3 0.759375 0.690625 0.046875 0.078125
