3 0.982812 0.026562 0.031250 0.040625
3 0.873437 0.007031 0.046875 0.010937
3 0.276562 0.685156 0.046875 0.057813
3 0.835156 0.015625 0.042188 0.028125
3 0.233594 0.616406 0.051562 0.060937
3 0.760156 0.403906 0.060937 0.070312
3 0.410156 0.015625 0.045312 0.028125
3 0.369531 0.580469 0.064062 0.032813
3 0.779687 0.962500 0.040625 0.062500
3 0.339844 0.777344 0.051562 0.054688
3 0.976562 0.507031 0.046875 0.064062
3 0.850000 0.793750 0.071875 0.037500
3 0.296094 0.731250 0.045312 0.065625
3 0.550781 0.457813 0.067187 0.084375
3 0.979688 0.950781 0.040625 0.042188
3 0.404687 0.651563 0.062500 0.031250
3 0.742969 0.670312 0.067187 0.068750
3 0.311719 0.754687 0.057813 0.071875
3 0.491406 0.789844 0.073438 0.035937
3 0.958594 0.294531 0.048438 0.067187
3 0.254688 0.405469 0.075000 0.039062
3 0.316406 0.513281 0.079687 0.039062
3 0.175000 0.266406 0.071875 0.039062
3 0.609375 0.415625 0.056250 0.071875
3 0.133594 0.445312 0.051562 0.062500
3 0.292187 0.472656 0.075000 0.035937
3 0.938281 0.882031 0.073438 0.042188
3 0.417969 0.682031 0.064062 0.032813
3 0.434375 0.717187 0.068750 0.031250
3 0.941406 0.564063 0.051562 0.062500
3 0.462500 0.753125 0.065625 0.031250
3 0.389062 0.614844 0.068750 0.029687
3 0.619531 0.508594 0.054688 0.076563
3 0.361719 0.813281 0.045312 0.064062
3 0.812500 0.983594 0.031250 0.032813
