3 0.976562 0.382812 0.046875 0.065625
3 0.742188 0.783594 0.056250 0.054688
3 0.778906 0.720313 0.060937 0.062500
0 0.742188 0.783594 0.056250 0.054688
3 0.718750 0.758594 0.056250 0.054688
3 0.792188 0.423438 0.053125 0.059375
3 0.747656 0.678906 0.067187 0.064062
3 0.898438 0.619531 0.065625 0.073438
0 0.766406 0.703906 0.057813 0.060937
3 0.771875 0.498437 0.056250 0.062500
3 0.769531 0.809375 0.057813 0.059375
3 0.585156 0.651563 0.057813 0.059375
3 0.821875 0.546094 0.065625 0.073438
3 0.816406 0.757812 0.060937 0.062500
3 0.837500 0.780469 0.059375 0.064062
3 0.791406 0.831250 0.057813 0.059375
3 0.641406 0.691406 0.060937 0.064062
3 0.685937 0.736719 0.059375 0.060937
3 0.790625 0.735156 0.056250 0.057813
3 0.850000 0.570312 0.056250 0.059375
3 0.715625 0.661719 0.062500 0.060937
3 0.819531 0.448437 0.054688 0.062500
3 0.859375 0.810156 0.059375 0.057813
3 0.906250 0.314844 0.068750 0.073438
0 0.945312 0.880469 0.065625 0.060937
3 0.637500 0.589844 0.062500 0.067187
3 0.743750 0.476562 0.056250 0.062500
3 0.614844 0.667188 0.064062 0.068750
3 0.916406 0.547656 0.054688 0.057813
3 0.849219 0.467969 0.051562 0.057813
3 0.689063 0.639844 0.053125 0.064062
3 0.967969 0.591406 0.054688 0.057813
3 0.969531 0.285938 0.054688 0.059375
