3 0.515625 0.646875 0.037500 0.065625
3 0.136719 0.962500 0.045312 0.068750
3 0.481250 0.650781 0.040625 0.057813
3 0.029687 0.817969 0.040625 0.057813
3 0.650000 0.803125 0.043750 0.068750
3 0.446094 0.670313 0.039062 0.065625
2 0.600000 0.353906 0.056250 0.085938
3 0.872656 0.536719 0.045312 0.073438
3 0.071875 0.966406 0.053125 0.064062
3 0.907031 0.523438 0.045312 0.071875
2 0.797656 0.052344 0.085938 0.054688
3 0.956250 0.681250 0.050000 0.087500
3 0.582812 0.821875 0.046875 0.081250
3 0.746094 0.744531 0.045312 0.070312
2 0.079687 0.524219 0.062500 0.089063
3 0.592969 0.639063 0.048438 0.081250
3 0.099219 0.815625 0.051562 0.081250
2 0.557031 0.366406 0.051562 0.085938
3 0.380469 0.707031 0.051562 0.092188
2 0.125000 0.507812 0.056250 0.087500
2 0.378125 0.429688 0.056250 0.084375
3 0.667969 0.622656 0.042188 0.073438
2 0.332031 0.441406 0.054688 0.082812
2 0.425000 0.413281 0.056250 0.085938
2 0.034375 0.539062 0.056250 0.087500
2 0.779688 0.289844 0.053125 0.085938
2 0.281250 0.460938 0.053125 0.084375
2 0.813281 0.114844 0.085938 0.060937
2 0.511719 0.385938 0.057813 0.090625
2 0.691406 0.319531 0.057813 0.089063
2 0.468750 0.400781 0.056250 0.085938
2 0.181250 0.487500 0.056250 0.087500
2 0.645312 0.335156 0.056250 0.089063
3 0.682813 0.795313 0.040625 0.075000
2 0.737500 0.306250 0.059375 0.090625
2 0.235156 0.474219 0.054688 0.085938
2 0.779688 0.017969 0.084375 0.035937
