1 0.039062 0.083594 0.075000 0.048438
1 0.168750 0.192188 0.106250 0.053125
1 0.058594 0.024219 0.079687 0.042188
1 0.017188 0.921875 0.031250 0.043750
4 0.782031 0.725781 0.095312 0.048438
4 0.819531 0.567969 0.148438 0.092188
1 0.207031 0.096875 0.123438 0.050000
1 0.472656 0.857812 0.126562 0.053125
1 0.172656 0.146094 0.101562 0.051562
1 0.024219 0.810937 0.045312 0.037500
1 0.491406 0.722656 0.142187 0.060937
1 0.017969 0.884375 0.032813 0.043750
1 0.483594 0.828906 0.123438 0.064062
1 0.078906 0.307031 0.098437 0.045312
4 0.782813 0.686719 0.100000 0.048438
4 0.778906 0.779687 0.082812 0.050000
1 0.500000 0.781250 0.131250 0.059375
4 0.765625 0.826562 0.084375 0.053125
1 0.149219 0.278125 0.110937 0.046875
1 0.559375 0.925000 0.159375 0.062500
1 0.031250 0.727344 0.059375 0.042188
1 0.075781 0.346094 0.098437 0.045312
4 0.842969 0.477344 0.157812 0.089063
1 0.153906 0.236719 0.117188 0.051562
1 0.044531 0.606250 0.085938 0.050000
1 0.251563 0.042969 0.103125 0.054688
1 0.028906 0.769531 0.054688 0.042188
1 0.050000 0.468750 0.096875 0.053125
1 0.041406 0.646094 0.079687 0.048438
1 0.046094 0.521875 0.085938 0.056250
1 0.035156 0.685156 0.067187 0.045312
1 0.054688 0.428906 0.100000 0.054688
1 0.045312 0.565625 0.087500 0.053125
1 0.068750 0.389062 0.106250 0.050000
1 0.830469 0.333594 0.160938 0.060937
1 0.818750 0.389844 0.159375 0.060937
1 0.023438 0.847656 0.043750 0.042188
1 0.118750 0.097656 0.078125 0.048438
1 0.157031 0.038281 0.079687 0.042188
1 0.440625 0.945312 0.137500 0.065625
