2 0.043269 0.352163 0.076923 0.141827
2 0.115385 0.235577 0.086538 0.144231
2 0.019231 0.216346 0.033654 0.139423
2 0.247596 0.259615 0.076923 0.144231
2 0.411058 0.409856 0.081731 0.141827
2 0.366587 0.290865 0.088942 0.144231
2 0.492788 0.298077 0.076923 0.139423
1 0.514423 0.131010 0.048077 0.132212
1 0.575721 0.162260 0.040865 0.088942
2 0.652644 0.449519 0.079327 0.149038
2 0.527644 0.433894 0.084135 0.137019
2 0.771635 0.466346 0.076923 0.144231
2 0.608173 0.318510 0.081731 0.132212
2 0.730769 0.337740 0.076923 0.137019
