2 0.545312 0.051562 0.106250 0.059375
2 0.542188 0.128906 0.106250 0.057813
2 0.495312 0.228906 0.106250 0.057813
2 0.473438 0.372656 0.093750 0.098437
2 0.220312 0.170313 0.106250 0.087500
2 0.223438 0.250781 0.106250 0.085938
2 0.332031 0.289062 0.085938 0.093750
2 0.266406 0.388281 0.110937 0.067187
2 0.278125 0.439844 0.106250 0.054688
2 0.266406 0.570312 0.110937 0.065625
2 0.225000 0.645312 0.096875 0.106250
2 0.272656 0.751563 0.110937 0.065625
2 0.276562 0.835938 0.125000 0.075000
2 0.253906 0.907813 0.110937 0.065625
2 0.029687 0.514062 0.053125 0.059375
2 0.020313 0.451562 0.034375 0.056250
