3 0.973437 0.280469 0.043750 0.079687
3 0.525000 0.268750 0.043750 0.065625
3 0.807813 0.339844 0.053125 0.095312
3 0.894531 0.125781 0.042188 0.067187
3 0.150781 0.564844 0.051562 0.064062
3 0.025000 0.628906 0.046875 0.082812
3 0.842188 0.331250 0.050000 0.090625
3 0.145313 0.398438 0.059375 0.087500
3 0.773438 0.361719 0.050000 0.082812
3 0.694531 0.197656 0.057813 0.082812
3 0.390625 0.486719 0.056250 0.092188
3 0.058594 0.603125 0.057813 0.096875
3 0.613281 0.416406 0.054688 0.092188
3 0.719531 0.378125 0.048438 0.081250
