0 0.085938 0.886719 0.084375 0.079687
1 0.069531 0.625781 0.082812 0.085938
1 0.869531 0.135156 0.126562 0.132812
1 0.649219 0.312500 0.089063 0.100000
0 0.125000 0.855469 0.084375 0.079687
0 0.284375 0.710156 0.084375 0.079687
0 0.378125 0.622656 0.084375 0.079687
0 0.481250 0.525781 0.084375 0.079687
0 0.525000 0.471094 0.084375 0.079687
0 0.625000 0.383594 0.084375 0.079687
0 0.232813 0.758594 0.084375 0.079687
0 0.179688 0.805469 0.084375 0.079687
0 0.240625 0.907031 0.084375 0.079687
1 0.549219 0.843750 0.114062 0.106250
