3 0.792969 0.019531 0.064062 0.035937
3 0.835938 0.282031 0.081250 0.042188
3 0.982812 0.423438 0.031250 0.037500
3 0.806250 0.014063 0.056250 0.025000
3 0.564063 0.013281 0.068750 0.023438
3 0.682031 0.130469 0.060937 0.060937
3 0.121094 0.285938 0.064062 0.040625
3 0.028906 0.424219 0.054688 0.067187
3 0.145313 0.085156 0.062500 0.057813
3 0.065625 0.366406 0.078125 0.067187
3 0.971094 0.389062 0.054688 0.034375
3 0.892188 0.512500 0.046875 0.078125
3 0.770312 0.029687 0.059375 0.046875
3 0.153125 0.209375 0.059375 0.050000
3 0.621094 0.177344 0.067187 0.060937
3 0.469531 0.122656 0.057813 0.051562
3 0.749219 0.057031 0.057813 0.054688
3 0.708594 0.357812 0.042188 0.068750
3 0.792188 0.257031 0.068750 0.042188
3 0.696875 0.113281 0.059375 0.054688
3 0.126562 0.238281 0.056250 0.042188
3 0.442969 0.154688 0.057813 0.053125
3 0.814063 0.454688 0.043750 0.065625
3 0.389844 0.107031 0.060937 0.054688
3 0.928125 0.365625 0.068750 0.040625
3 0.928125 0.542188 0.040625 0.071875
3 0.415625 0.073438 0.059375 0.056250
3 0.364844 0.135156 0.067187 0.064062
3 0.891406 0.337500 0.073438 0.043750
3 0.868750 0.307031 0.075000 0.051562
3 0.720313 0.082812 0.059375 0.056250
3 0.521094 0.063281 0.057813 0.054688
3 0.489063 0.088281 0.056250 0.057813
3 0.841406 0.483594 0.045312 0.067187
3 0.594531 0.230469 0.057813 0.054688
3 0.568750 0.255469 0.062500 0.057813
3 0.979688 0.593750 0.040625 0.071875
