3 0.293750 0.989062 0.068750 0.021875
3 0.496875 0.942187 0.084375 0.068750
3 0.438281 0.648438 0.064062 0.043750
3 0.478906 0.773438 0.064062 0.043750
3 0.232031 0.885938 0.067187 0.046875
3 0.032031 0.225781 0.060937 0.064062
3 0.457031 0.691406 0.070312 0.048438
3 0.407031 0.020313 0.089063 0.034375
3 0.703125 0.855469 0.075000 0.045312
3 0.503125 0.806250 0.068750 0.050000
3 0.292969 0.488281 0.070312 0.048438
3 0.113281 0.534375 0.067187 0.043750
3 0.042188 0.302344 0.068750 0.051562
3 0.144531 0.638281 0.076563 0.057813
3 0.421094 0.575000 0.067187 0.046875
3 0.400000 0.800781 0.081250 0.051562
3 0.227344 0.304688 0.089063 0.056250
3 0.346875 0.390625 0.090625 0.056250
3 0.464844 0.735156 0.067187 0.048438
3 0.252344 0.922656 0.067187 0.054688
3 0.614844 0.586719 0.070312 0.051562
3 0.167969 0.692969 0.076563 0.054688
3 0.214844 0.259375 0.085938 0.056250
3 0.363281 0.677344 0.064062 0.042188
3 0.189844 0.732812 0.073438 0.046875
3 0.087500 0.418750 0.084375 0.056250
3 0.200000 0.769531 0.081250 0.051562
3 0.332031 0.604688 0.082812 0.053125
3 0.386719 0.504687 0.070312 0.046875
3 0.128125 0.571094 0.065625 0.045312
3 0.690625 0.817187 0.087500 0.056250
3 0.221875 0.856250 0.068750 0.050000
3 0.660937 0.735938 0.075000 0.050000
3 0.108594 0.496875 0.073438 0.050000
3 0.421875 0.837500 0.078125 0.046875
3 0.214844 0.816406 0.070312 0.045312
3 0.374219 0.718750 0.064062 0.043750
3 0.440625 0.104688 0.137500 0.078125
3 0.498437 0.281250 0.109375 0.159375
3 0.260937 0.414062 0.090625 0.056250
