4 0.693750 0.235937 0.068750 0.112500
0 0.602344 0.012500 0.057813 0.021875
1 0.351562 0.955469 0.059375 0.089063
0 0.012500 0.220312 0.021875 0.056250
1 0.527344 0.878125 0.064062 0.087500
0 0.502344 0.032813 0.051562 0.056250
2 0.982031 0.594531 0.035937 0.089063
1 0.565625 0.859375 0.059375 0.087500
0 0.471094 0.047656 0.048438 0.067187
2 0.935937 0.625000 0.059375 0.087500
4 0.611719 0.268750 0.057813 0.100000
4 0.817187 0.205469 0.068750 0.107813
2 0.985938 0.747656 0.028125 0.110937
4 0.378906 0.337500 0.057813 0.112500
4 0.073438 0.465625 0.046875 0.081250
1 0.399219 0.935937 0.054688 0.084375
1 0.392969 0.791406 0.104688 0.104688
0 0.534375 0.026562 0.046875 0.050000
0 0.404687 0.068750 0.046875 0.068750
4 0.890625 0.949219 0.093750 0.089063
0 0.135156 0.166406 0.048438 0.073438
0 0.205469 0.143750 0.048438 0.068750
0 0.369531 0.080469 0.048438 0.070312
4 0.748437 0.821875 0.068750 0.096875
0 0.100781 0.180469 0.045312 0.064062
4 0.712500 0.839844 0.062500 0.098437
2 0.796094 0.353125 0.064062 0.084375
0 0.167969 0.157031 0.048438 0.070312
0 0.033594 0.203906 0.045312 0.070312
2 0.567187 0.446875 0.062500 0.087500
0 0.303906 0.106250 0.045312 0.065625
2 0.324219 0.515625 0.067187 0.109375
2 0.678906 0.400781 0.057813 0.082812
0 0.269531 0.121875 0.045312 0.068750
2 0.830469 0.679688 0.064062 0.087500
0 0.435937 0.057031 0.046875 0.067187
2 0.945312 0.276562 0.065625 0.093750
2 0.753906 0.362500 0.064062 0.090625
2 0.614062 0.425781 0.065625 0.098437
0 0.233594 0.131250 0.048438 0.071875
2 0.887500 0.305469 0.062500 0.098437
2 0.439844 0.477344 0.064062 0.110937
2 0.719531 0.384375 0.060937 0.087500
4 0.853125 0.188281 0.062500 0.095312
4 0.908594 0.736719 0.067187 0.098437
2 0.482031 0.463281 0.060937 0.095312
2 0.834375 0.326562 0.068750 0.100000
4 0.788281 0.804688 0.073438 0.100000
2 0.525000 0.457813 0.059375 0.087500
4 0.839844 0.779687 0.070312 0.100000
0 0.338281 0.097656 0.045312 0.064062
1 0.291406 0.936719 0.082812 0.123438
4 0.935156 0.155469 0.070312 0.101562
1 0.617188 0.860156 0.084375 0.117188
0 0.567187 0.018750 0.043750 0.034375
1 0.032813 0.632031 0.062500 0.117188
2 0.457031 0.895312 0.079687 0.106250
1 0.019531 0.107813 0.035937 0.093750
1 0.046875 0.095312 0.053125 0.084375
1 0.089063 0.076563 0.053125 0.084375
1 0.115625 0.062500 0.053125 0.084375
1 0.154688 0.046875 0.053125 0.084375
1 0.196875 0.042188 0.053125 0.081250
1 0.237500 0.031250 0.050000 0.059375
1 0.285156 0.025781 0.045312 0.048438
1 0.330469 0.019531 0.042188 0.035937
4 0.164062 0.421875 0.046875 0.081250
4 0.221875 0.393750 0.046875 0.081250
4 0.079687 0.634375 0.056250 0.103125
