4 0.043750 0.329688 0.084375 0.168750
4 0.167187 0.203125 0.128125 0.043750
3 0.991406 0.157812 0.017188 0.037500
2 0.539844 0.876563 0.067187 0.081250
2 0.128906 0.621094 0.089063 0.057813
3 0.939063 0.732812 0.065625 0.093750
3 0.895312 0.709375 0.065625 0.093750
3 0.975781 0.497656 0.048438 0.067187
2 0.595313 0.772656 0.078125 0.101562
3 0.906250 0.904687 0.065625 0.081250
2 0.460156 0.768750 0.067187 0.100000
3 0.817969 0.857031 0.067187 0.089063
3 0.847656 0.103906 0.076563 0.048438
3 0.932031 0.132812 0.073438 0.046875
2 0.080469 0.795312 0.098437 0.087500
4 0.162500 0.251563 0.128125 0.043750
