3 0.028906 0.632031 0.042188 0.076563
3 0.621094 0.012500 0.057813 0.025000
3 0.432813 0.981250 0.043750 0.034375
3 0.732031 0.078125 0.057813 0.053125
3 0.069531 0.674219 0.042188 0.064062
3 0.375000 0.755469 0.056250 0.032813
3 0.267188 0.651563 0.056250 0.037500
3 0.016406 0.411719 0.032813 0.048438
3 0.414844 0.780469 0.079687 0.042188
3 0.910937 0.237500 0.062500 0.056250
3 0.034375 0.444531 0.062500 0.042188
3 0.292969 0.679688 0.060937 0.043750
3 0.926562 0.024219 0.062500 0.048438
3 0.141406 0.738281 0.039062 0.060937
3 0.253906 0.818750 0.035937 0.059375
3 0.700000 0.054688 0.059375 0.059375
3 0.678906 0.032031 0.064062 0.054688
3 0.454688 0.808594 0.075000 0.045312
3 0.200781 0.602344 0.070312 0.045312
3 0.282031 0.850781 0.039062 0.060937
3 0.316406 0.704687 0.064062 0.046875
3 0.964063 0.278125 0.062500 0.053125
3 0.346875 0.726562 0.065625 0.043750
3 0.856250 0.199219 0.062500 0.057813
3 0.311719 0.885156 0.039062 0.060937
3 0.185937 0.775000 0.037500 0.065625
3 0.639063 0.963281 0.056250 0.064062
3 0.936719 0.255469 0.064062 0.060937
3 0.360156 0.922656 0.039062 0.067187
3 0.503125 0.861719 0.084375 0.054688
3 0.216406 0.798437 0.042188 0.065625
3 0.886719 0.216406 0.060937 0.064062
