3 0.460156 0.674219 0.048438 0.064062
3 0.540625 0.528906 0.071875 0.085938
3 0.582812 0.539844 0.068750 0.070312
3 0.270313 0.417187 0.059375 0.062500
3 0.298438 0.705469 0.043750 0.073438
3 0.017188 0.609375 0.031250 0.084375
3 0.425781 0.509375 0.076563 0.090625
3 0.027344 0.821094 0.051562 0.060937
3 0.305469 0.637500 0.042188 0.065625
3 0.609375 0.547656 0.062500 0.060937
3 0.253125 0.489844 0.065625 0.060937
3 0.031250 0.448437 0.059375 0.068750
3 0.011719 0.673438 0.020313 0.059375
3 0.481250 0.678125 0.050000 0.068750
3 0.165625 0.620313 0.043750 0.071875
3 0.664844 0.925000 0.057813 0.062500
3 0.583594 0.478906 0.057813 0.064062
3 0.422656 0.734375 0.042188 0.078125
3 0.621094 0.753906 0.045312 0.076563
3 0.151562 0.689844 0.046875 0.073438
3 0.267969 0.711719 0.039062 0.070312
3 0.279687 0.642188 0.037500 0.062500
3 0.189844 0.408594 0.051562 0.054688
3 0.501563 0.467187 0.053125 0.062500
3 0.244531 0.641406 0.039062 0.060937
3 0.371094 0.512500 0.070312 0.087500
3 0.102344 0.469531 0.051562 0.057813
3 0.749219 0.925000 0.060937 0.075000
3 0.062500 0.825000 0.065625 0.065625
3 0.151562 0.827344 0.053125 0.060937
3 0.111719 0.686719 0.045312 0.070312
3 0.632031 0.473438 0.054688 0.059375
3 0.656250 0.552344 0.062500 0.067187
3 0.349219 0.432031 0.060937 0.067187
3 0.542188 0.754687 0.043750 0.071875
3 0.189844 0.690625 0.042188 0.071875
3 0.431250 0.448437 0.065625 0.071875
3 0.046094 0.606250 0.039062 0.065625
3 0.556250 0.453125 0.053125 0.062500
3 0.663281 0.480469 0.064062 0.057813
3 0.382031 0.449219 0.057813 0.064062
3 0.429688 0.879687 0.056250 0.062500
3 0.596094 0.897656 0.070312 0.070312
3 0.295312 0.498437 0.059375 0.065625
3 0.634375 0.713281 0.050000 0.085938
3 0.084375 0.611719 0.040625 0.067187
3 0.634375 0.907813 0.065625 0.071875
3 0.706250 0.491406 0.053125 0.057813
3 0.033594 0.669531 0.045312 0.070312
3 0.189844 0.474219 0.057813 0.060937
3 0.053906 0.458594 0.057813 0.060937
3 0.807031 0.439844 0.060937 0.042188
3 0.438281 0.674219 0.042188 0.067187
3 0.306250 0.431250 0.053125 0.059375
3 0.342187 0.716406 0.043750 0.076563
3 0.461719 0.739844 0.045312 0.073438
3 0.121094 0.613281 0.048438 0.076563
3 0.075000 0.685156 0.040625 0.067187
3 0.221094 0.481250 0.060937 0.059375
3 0.504687 0.748437 0.046875 0.075000
3 0.455469 0.524219 0.064062 0.073438
3 0.028906 0.745313 0.054688 0.040625
3 0.265625 0.866406 0.056250 0.060937
3 0.378125 0.868750 0.071875 0.075000
3 0.340625 0.502344 0.062500 0.073438
3 0.516406 0.688281 0.048438 0.070312
3 0.837500 0.942969 0.046875 0.073438
3 0.582812 0.755469 0.043750 0.070312
3 0.235937 0.849219 0.065625 0.070312
3 0.462500 0.457813 0.059375 0.065625
3 0.745313 0.858594 0.075000 0.039062
3 0.310156 0.871094 0.064062 0.064062
3 0.189844 0.841406 0.054688 0.060937
3 0.158594 0.403906 0.051562 0.054688
3 0.690625 0.558594 0.062500 0.067187
3 0.750000 0.499219 0.062500 0.067187
3 0.779687 0.508594 0.062500 0.067187
3 0.817187 0.516406 0.062500 0.067187
3 0.809375 0.596094 0.062500 0.067187
3 0.777344 0.573438 0.054688 0.056250
3 0.741406 0.565625 0.054688 0.056250
3 0.719531 0.903906 0.048438 0.070312
3 0.541406 0.901563 0.042188 0.053125
3 0.514062 0.885938 0.043750 0.053125
3 0.200000 0.632812 0.043750 0.071875
