3 0.339844 0.486719 0.042188 0.101562
1 0.531250 0.759375 0.050000 0.112500
0 0.651563 0.770312 0.056250 0.078125
0 0.812500 0.773438 0.056250 0.078125
0 0.891406 0.767969 0.048438 0.073438
3 0.253906 0.758594 0.042188 0.101562
3 0.133594 0.755469 0.042188 0.101562
3 0.295312 0.482812 0.040625 0.090625
3 0.131250 0.481250 0.040625 0.090625
3 0.021094 0.295312 0.039062 0.090625
3 0.021094 0.139844 0.039062 0.092188
3 0.135937 0.130469 0.040625 0.092188
3 0.173437 0.133594 0.040625 0.092188
3 0.257812 0.144531 0.040625 0.092188
3 0.376563 0.145313 0.040625 0.078125
3 0.454688 0.140625 0.040625 0.078125
3 0.498437 0.143750 0.040625 0.078125
3 0.856250 0.146094 0.043750 0.076563
3 0.937500 0.146094 0.034375 0.082812
3 0.979688 0.142969 0.034375 0.082812
3 0.779687 0.295312 0.040625 0.090625
3 0.892188 0.300000 0.040625 0.090625
3 0.934375 0.300000 0.040625 0.090625
3 0.976562 0.302344 0.040625 0.079687
3 0.971875 0.567969 0.040625 0.079687
3 0.020313 0.481250 0.037500 0.090625
