0 0.866406 0.735156 0.051562 0.073438
1 0.979688 0.842969 0.040625 0.101562
0 0.911719 0.879687 0.048438 0.071875
0 0.852344 0.821875 0.045312 0.065625
1 0.829688 0.742969 0.056250 0.089063
3 0.575000 0.687500 0.059375 0.037500
1 0.739062 0.770312 0.050000 0.128125
0 0.932031 0.802344 0.045312 0.064062
0 0.839063 0.899219 0.040625 0.067187
0 0.888281 0.805469 0.045312 0.067187
1 0.983594 0.713281 0.032813 0.098437
1 0.785937 0.750000 0.056250 0.103125
1 0.902344 0.709375 0.057813 0.093750
1 0.882812 0.903125 0.059375 0.100000
1 0.698438 0.892188 0.065625 0.121875
1 0.635938 0.850000 0.071875 0.109375
3 0.664844 0.635938 0.057813 0.034375
1 0.667969 0.781250 0.085938 0.081250
0 0.599219 0.897656 0.042188 0.070312
0 0.603906 0.964844 0.042188 0.070312
0 0.738281 0.862500 0.048438 0.056250
0 0.671875 0.929688 0.050000 0.068750
0 0.754687 0.933594 0.046875 0.076563
0 0.803125 0.924219 0.046875 0.076563
0 0.771875 0.863281 0.040625 0.070312
0 0.803125 0.847656 0.040625 0.070312
0 0.946094 0.719531 0.051562 0.070312
0 0.953906 0.867188 0.048438 0.071875
