3 0.425000 0.685156 0.065625 0.054688
3 0.471875 0.634375 0.059375 0.050000
3 0.546094 0.350000 0.064062 0.056250
3 0.025000 0.585938 0.046875 0.059375
3 0.017969 0.748437 0.032813 0.053125
3 0.231250 0.935156 0.081250 0.064062
3 0.441406 0.658594 0.067187 0.054688
3 0.014844 0.611719 0.026562 0.060937
3 0.257031 0.910937 0.070312 0.062500
3 0.551562 0.531250 0.062500 0.056250
3 0.741406 0.573438 0.064062 0.056250
3 0.624219 0.420312 0.064062 0.046875
3 0.939063 0.487500 0.068750 0.068750
3 0.025000 0.314063 0.046875 0.062500
3 0.587500 0.475000 0.059375 0.053125
3 0.895312 0.129688 0.068750 0.043750
3 0.368750 0.285938 0.062500 0.053125
3 0.216406 0.958594 0.057813 0.054688
3 0.776563 0.524219 0.065625 0.057813
3 0.028906 0.714844 0.054688 0.067187
3 0.403906 0.535156 0.060937 0.057813
3 0.701562 0.631250 0.062500 0.059375
3 0.489844 0.610938 0.060937 0.050000
3 0.405469 0.229687 0.054688 0.050000
3 0.757031 0.550000 0.064062 0.053125
3 0.386719 0.254688 0.060937 0.053125
3 0.064062 0.664844 0.059375 0.054688
3 0.146094 0.425000 0.064062 0.053125
3 0.303125 0.240625 0.062500 0.053125
3 0.378125 0.564844 0.065625 0.054688
3 0.099219 0.210938 0.067187 0.059375
3 0.429688 0.210156 0.062500 0.054688
3 0.045312 0.853125 0.053125 0.062500
3 0.439063 0.479687 0.053125 0.050000
3 0.328125 0.207031 0.059375 0.048438
3 0.941406 0.235156 0.051562 0.070312
3 0.086719 0.639062 0.057813 0.059375
3 0.262500 0.425781 0.062500 0.054688
3 0.530469 0.555469 0.057813 0.054688
3 0.130469 0.456250 0.060937 0.053125
3 0.482031 0.425000 0.060937 0.056250
3 0.146875 0.558594 0.068750 0.057813
3 0.192188 0.373437 0.059375 0.053125
3 0.679688 0.657031 0.059375 0.051562
3 0.076563 0.236719 0.065625 0.057813
3 0.282813 0.268750 0.062500 0.053125
3 0.356250 0.585156 0.065625 0.054688
3 0.278906 0.879687 0.070312 0.062500
3 0.310156 0.857031 0.067187 0.042188
