3 0.747656 0.148438 0.079687 0.103125
3 0.382031 0.755469 0.082812 0.032813
3 0.231250 0.954688 0.056250 0.046875
3 0.284375 0.920312 0.062500 0.046875
3 0.622656 0.740625 0.064062 0.118750
3 0.729688 0.564844 0.059375 0.064062
3 0.036719 0.860156 0.070312 0.048438
3 0.175781 0.847656 0.064062 0.048438
3 0.433594 0.861719 0.070312 0.035937
3 0.845313 0.119531 0.053125 0.067187
3 0.757031 0.624219 0.079687 0.085938
3 0.266406 0.886719 0.060937 0.048438
3 0.194531 0.882812 0.064062 0.053125
3 0.317188 0.655469 0.071875 0.035937
3 0.293750 0.615625 0.075000 0.037500
3 0.206250 0.918750 0.059375 0.043750
3 0.810937 0.135156 0.053125 0.067187
3 0.031250 0.924219 0.059375 0.039062
3 0.025000 0.972656 0.046875 0.039062
