3 0.125781 0.122656 0.048438 0.060937
3 0.244531 0.947656 0.051562 0.064062
3 0.124219 0.043750 0.051562 0.062500
3 0.186719 0.972656 0.048438 0.051562
3 0.064062 0.075000 0.046875 0.062500
3 0.064844 0.154687 0.051562 0.065625
3 0.579687 0.753906 0.040625 0.057813
3 0.607813 0.740625 0.040625 0.059375
3 0.549219 0.773438 0.042188 0.056250
3 0.217187 0.962500 0.050000 0.059375
3 0.489062 0.814844 0.046875 0.064062
3 0.278125 0.930469 0.046875 0.060937
3 0.092188 0.058594 0.050000 0.070312
3 0.939844 0.567969 0.042188 0.067187
3 0.096094 0.139062 0.048438 0.065625
3 0.035937 0.174219 0.053125 0.067187
3 0.261719 0.252344 0.057813 0.079687
3 0.157031 0.103906 0.048438 0.064062
3 0.032813 0.097656 0.046875 0.060937
3 0.211719 0.269531 0.057813 0.079687
3 0.786719 0.642969 0.048438 0.067187
3 0.391406 0.867969 0.048438 0.064062
