3 0.316406 0.987500 0.051562 0.025000
3 0.375781 0.979688 0.051562 0.040625
3 0.296875 0.167969 0.065625 0.057813
3 0.559375 0.876563 0.043750 0.059375
3 0.448437 0.950000 0.046875 0.059375
3 0.411719 0.963281 0.048438 0.057813
3 0.275781 0.709375 0.051562 0.071875
3 0.546875 0.547656 0.053125 0.067187
3 0.597656 0.868750 0.045312 0.062500
3 0.311719 0.689063 0.057813 0.075000
3 0.520312 0.903125 0.050000 0.065625
3 0.208594 0.742969 0.051562 0.073438
3 0.233594 0.897656 0.067187 0.054688
3 0.365625 0.655469 0.050000 0.067187
3 0.094531 0.806250 0.042188 0.062500
3 0.139844 0.786719 0.048438 0.067187
3 0.486719 0.589063 0.051562 0.071875
3 0.548438 0.179688 0.250000 0.159375
