4 0.408594 0.678125 0.054688 0.062500
0 0.850000 0.102344 0.053125 0.067187
0 0.971094 0.488281 0.048438 0.067187
3 0.414062 0.896875 0.065625 0.046875
4 0.280469 0.711719 0.073438 0.098437
4 0.282813 0.814063 0.065625 0.087500
0 0.682031 0.146875 0.051562 0.071875
4 0.325781 0.801562 0.067187 0.090625
3 0.900781 0.953906 0.064062 0.057813
3 0.977344 0.577344 0.045312 0.051562
0 0.671875 0.229687 0.053125 0.071875
3 0.953906 0.907031 0.070312 0.060937
0 0.820312 0.120313 0.053125 0.071875
3 0.926562 0.932031 0.065625 0.057813
3 0.608594 0.792188 0.064062 0.053125
1 0.967969 0.424219 0.064062 0.114062
3 0.779687 0.700000 0.065625 0.056250
3 0.379688 0.916406 0.056250 0.048438
0 0.614062 0.257812 0.050000 0.065625
3 0.351562 0.944531 0.065625 0.060937
0 0.792969 0.517188 0.051562 0.062500
0 0.582812 0.200781 0.050000 0.064062
3 0.450781 0.883594 0.067187 0.057813
0 0.550000 0.216406 0.040625 0.060937
0 0.580469 0.279687 0.051562 0.062500
0 0.846875 0.491406 0.053125 0.064062
1 0.929688 0.357031 0.103125 0.089063
0 0.887500 0.473438 0.050000 0.068750
3 0.956250 0.599219 0.062500 0.054688
0 0.551562 0.303125 0.050000 0.062500
0 0.508594 0.238281 0.051562 0.064062
1 0.194531 0.460156 0.076563 0.120313
1 0.063281 0.544531 0.070312 0.101562
4 0.448437 0.661719 0.068750 0.073438
4 0.373437 0.698438 0.050000 0.059375
4 0.342187 0.718750 0.050000 0.059375
4 0.442188 0.740625 0.053125 0.068750
0 0.639844 0.171875 0.051562 0.071875
