3 0.873437 0.022656 0.075000 0.042188
3 0.465625 0.428906 0.068750 0.054688
3 0.613281 0.164062 0.054688 0.059375
3 0.754687 0.388281 0.065625 0.057813
3 0.485938 0.414062 0.075000 0.071875
3 0.953125 0.181250 0.068750 0.075000
3 0.706250 0.432812 0.068750 0.065625
3 0.635156 0.139844 0.051562 0.057813
3 0.880469 0.260156 0.057813 0.057813
3 0.550781 0.335156 0.057813 0.054688
3 0.980469 0.150781 0.039062 0.079687
3 0.505469 0.289062 0.060937 0.062500
3 0.508594 0.383594 0.067187 0.067187
3 0.769531 0.024219 0.073438 0.045312
3 0.779687 0.360938 0.068750 0.062500
3 0.477344 0.304688 0.060937 0.059375
3 0.432031 0.354687 0.070312 0.065625
3 0.702344 0.182812 0.070312 0.068750
3 0.531250 0.264062 0.056250 0.056250
3 0.601562 0.183594 0.056250 0.057813
3 0.649219 0.231250 0.057813 0.059375
3 0.857812 0.287500 0.062500 0.059375
3 0.831250 0.314844 0.068750 0.070312
3 0.902344 0.236719 0.067187 0.067187
3 0.692187 0.086719 0.065625 0.060937
3 0.546875 0.234375 0.056250 0.059375
3 0.733594 0.411719 0.064062 0.064062
3 0.606250 0.291406 0.062500 0.057813
3 0.674219 0.214844 0.064062 0.064062
3 0.728125 0.160938 0.065625 0.059375
3 0.667969 0.110937 0.064062 0.068750
3 0.804688 0.339062 0.059375 0.059375
3 0.570312 0.210156 0.059375 0.060937
3 0.925781 0.213281 0.064062 0.064062
3 0.720313 0.058594 0.071875 0.067187
3 0.846875 0.042969 0.065625 0.057813
3 0.585938 0.314844 0.062500 0.057813
