3 0.788281 0.235937 0.110937 0.153125
3 0.430469 0.733594 0.176563 0.264062
3 0.889062 0.421094 0.112500 0.160938
3 0.239844 0.419531 0.085938 0.117188
3 0.132812 0.167969 0.175000 0.251563
3 0.713281 0.104688 0.114062 0.156250
3 0.954688 0.548438 0.084375 0.165625
3 0.911719 0.460938 0.110937 0.156250
3 0.624219 0.019531 0.082812 0.035937
3 0.583594 0.982031 0.070312 0.035937
3 0.016406 0.662500 0.029687 0.040625
3 0.080469 0.865625 0.129688 0.053125
3 0.044531 0.764844 0.082812 0.048438
3 0.039844 0.808594 0.076563 0.042188
3 0.692187 0.067187 0.109375 0.131250
3 0.735938 0.144531 0.106250 0.145313
3 0.760938 0.194531 0.106250 0.145313
3 0.829688 0.341406 0.112500 0.160938
3 0.858594 0.366406 0.110937 0.157812
3 0.399219 0.682031 0.170313 0.251563
3 0.376563 0.637500 0.078125 0.100000
3 0.353125 0.584375 0.187500 0.256250
3 0.187500 0.240625 0.171875 0.253125
3 0.462500 0.853125 0.084375 0.106250
3 0.489063 0.890625 0.084375 0.106250
3 0.521875 0.926562 0.084375 0.106250
3 0.578906 0.914062 0.126562 0.171875
