3 0.521875 0.982031 0.040625 0.035937
3 0.351562 0.032031 0.062500 0.042188
3 0.970313 0.601562 0.059375 0.043750
3 0.401562 0.872656 0.043750 0.070312
3 0.035937 0.018750 0.059375 0.031250
3 0.252344 0.631250 0.048438 0.084375
3 0.682031 0.782813 0.042188 0.075000
3 0.825000 0.629687 0.043750 0.078125
3 0.843750 0.893750 0.046875 0.078125
3 0.748437 0.644531 0.056250 0.092188
3 0.624219 0.490625 0.042188 0.068750
3 0.644531 0.692187 0.048438 0.078125
3 0.539844 0.718750 0.051562 0.087500
3 0.981250 0.641406 0.037500 0.045312
3 0.546875 0.831250 0.046875 0.075000
3 0.681250 0.678125 0.046875 0.068750
3 0.805469 0.908594 0.045312 0.076563
3 0.369531 0.788281 0.045312 0.076563
3 0.855469 0.720313 0.048438 0.075000
3 0.536719 0.526563 0.051562 0.081250
3 0.609375 0.708594 0.053125 0.082812
3 0.750781 0.443750 0.048438 0.071875
3 0.706250 0.459375 0.043750 0.065625
3 0.787500 0.637500 0.053125 0.087500
3 0.674219 0.485156 0.045312 0.073438
3 0.968750 0.561719 0.062500 0.042188
3 0.475000 0.857812 0.046875 0.078125
3 0.272656 0.969531 0.085938 0.060937
