0 0.744531 0.809375 0.039062 0.084375
0 0.325000 0.885938 0.037500 0.140625
1 0.012500 0.037500 0.021875 0.071875
1 0.537500 0.049219 0.043750 0.095312
0 0.260937 0.811719 0.040625 0.070312
0 0.389062 0.887500 0.046875 0.140625
1 0.214062 0.455469 0.040625 0.085938
0 0.146094 0.808594 0.042188 0.076563
0 0.200000 0.805469 0.043750 0.079687
1 0.744531 0.458594 0.035937 0.098437
1 0.600000 0.456250 0.040625 0.090625
1 0.753906 0.907813 0.039062 0.096875
0 0.625000 0.918750 0.037500 0.084375
0 0.017188 0.446875 0.031250 0.078125
1 0.506250 0.871875 0.046875 0.181250
0 0.087500 0.806250 0.040625 0.078125
0 0.298438 0.443750 0.031250 0.068750
1 0.800000 0.477344 0.040625 0.126562
4 0.822656 0.176563 0.045312 0.125000
1 0.585938 0.180469 0.040625 0.107813
0 0.068750 0.445312 0.034375 0.075000
4 0.754687 0.196875 0.056250 0.140625
1 0.631250 0.059375 0.037500 0.100000
0 0.564844 0.804688 0.032813 0.071875
0 0.489844 0.445312 0.032813 0.068750
1 0.484375 0.076563 0.043750 0.146875
0 0.257031 0.442969 0.035937 0.067187
1 0.693750 0.460938 0.037500 0.096875
0 0.683594 0.920312 0.035937 0.078125
1 0.649219 0.459375 0.039062 0.100000
1 0.160156 0.458594 0.039062 0.095312
1 0.243750 0.089844 0.043750 0.164062
1 0.128125 0.089063 0.046875 0.168750
1 0.182031 0.085156 0.051562 0.167187
0 0.112500 0.443750 0.034375 0.068750
4 0.537500 0.164062 0.046875 0.131250
1 0.339062 0.085156 0.043750 0.167187
1 0.390625 0.083594 0.043750 0.160938
1 0.439063 0.077344 0.046875 0.151562
4 0.021875 0.190625 0.040625 0.096875
1 0.909375 0.472656 0.046875 0.126562
0 0.392969 0.446875 0.035937 0.075000
0 0.562500 0.917188 0.037500 0.084375
0 0.037500 0.923438 0.050000 0.084375
4 0.789844 0.035937 0.042188 0.068750
