1 0.946875 0.579688 0.087500 0.071875
1 0.975781 0.728125 0.048438 0.050000
3 0.281250 0.632812 0.078125 0.040625
1 0.981250 0.801562 0.037500 0.087500
1 0.043750 0.726562 0.084375 0.068750
4 0.732031 0.266406 0.085938 0.057813
0 0.770312 0.853906 0.062500 0.045312
1 0.951562 0.606250 0.075000 0.053125
1 0.050781 0.770312 0.095312 0.071875
1 0.107031 0.954688 0.104688 0.059375
1 0.803906 0.914844 0.095312 0.060937
1 0.056250 0.807031 0.109375 0.076563
0 0.379688 0.842187 0.065625 0.040625
1 0.961719 0.642969 0.073438 0.048438
1 0.814063 0.971875 0.100000 0.050000
1 0.071094 0.878125 0.132812 0.068750
1 0.367188 0.907031 0.100000 0.057813
1 0.388281 0.967187 0.101562 0.059375
0 0.752344 0.792188 0.060937 0.046875
3 0.259375 0.555469 0.081250 0.057813
3 0.204687 0.356250 0.081250 0.068750
4 0.636719 0.355469 0.085938 0.057813
1 0.065625 0.842969 0.128125 0.073438
