0 0.582812 0.750000 0.065625 0.053125
3 0.692969 0.612500 0.057813 0.043750
3 0.732031 0.667188 0.060937 0.053125
3 0.731250 0.550781 0.053125 0.048438
3 0.543750 0.692187 0.056250 0.050000
3 0.559375 0.725000 0.065625 0.056250
3 0.971875 0.524219 0.053125 0.060937
3 0.871094 0.785937 0.060937 0.050000
3 0.857812 0.748437 0.056250 0.050000
3 0.597656 0.781250 0.060937 0.046875
3 0.650781 0.867188 0.060937 0.043750
3 0.814844 0.817187 0.057813 0.040625
3 0.516406 0.629687 0.085938 0.059375
3 0.660937 0.549219 0.065625 0.051562
3 0.773438 0.756250 0.062500 0.053125
3 0.616406 0.809375 0.060937 0.046875
3 0.635938 0.835938 0.062500 0.043750
3 0.664062 0.898438 0.056250 0.043750
3 0.525000 0.661719 0.059375 0.048438
3 0.795312 0.784375 0.062500 0.046875
3 0.482031 0.589844 0.064062 0.051562
3 0.635938 0.520312 0.059375 0.050000
3 0.818750 0.694531 0.059375 0.054688
