3 0.463281 0.610938 0.035937 0.065625
3 0.427344 0.607031 0.032813 0.057813
3 0.360938 0.610938 0.028125 0.053125
3 0.223438 0.628125 0.031250 0.059375
3 0.297656 0.442969 0.035937 0.060937
3 0.226562 0.442188 0.031250 0.062500
3 0.082812 0.630469 0.037500 0.064062
3 0.909375 0.139063 0.040625 0.084375
3 0.468750 0.422656 0.034375 0.067187
3 0.261719 0.442188 0.032813 0.062500
3 0.085156 0.448437 0.032813 0.075000
3 0.431250 0.428125 0.037500 0.075000
3 0.539062 0.604688 0.034375 0.068750
3 0.160156 0.453125 0.035937 0.062500
3 0.085156 0.793750 0.089063 0.043750
3 0.017969 0.453125 0.032813 0.065625
3 0.284375 0.629687 0.031250 0.059375
