3 0.986719 0.302344 0.026562 0.070312
3 0.984375 0.742188 0.028125 0.068750
3 0.973437 0.768750 0.043750 0.065625
3 0.363281 0.982812 0.064062 0.034375
3 0.332813 0.975781 0.065625 0.045312
3 0.519531 0.734375 0.067187 0.068750
3 0.983594 0.614844 0.032813 0.070312
3 0.546875 0.755469 0.062500 0.057813
3 0.864062 0.503906 0.062500 0.054688
3 0.886719 0.471875 0.060937 0.056250
3 0.458594 0.691406 0.082812 0.076563
3 0.820312 0.564063 0.065625 0.056250
3 0.910156 0.717187 0.060937 0.065625
3 0.764844 0.639844 0.057813 0.051562
3 0.102344 0.176563 0.060937 0.062500
