0 0.512500 0.331250 0.075000 0.056250
0 0.580469 0.474219 0.073438 0.060937
0 0.557813 0.425781 0.075000 0.057813
0 0.532813 0.382031 0.075000 0.057813
0 0.843750 0.400781 0.068750 0.057813
0 0.867969 0.442969 0.079687 0.060937
0 0.810156 0.361719 0.076563 0.057813
0 0.656250 0.430469 0.075000 0.057813
0 0.728125 0.395313 0.075000 0.056250
0 0.635156 0.388281 0.073438 0.057813
0 0.710938 0.353125 0.078125 0.056250
0 0.691406 0.303125 0.076563 0.056250
0 0.673438 0.263281 0.075000 0.057813
0 0.590625 0.297656 0.075000 0.057813
0 0.612500 0.345313 0.075000 0.059375
