3 0.479687 0.035937 0.043750 0.068750
3 0.260937 0.018750 0.056250 0.034375
3 0.268750 0.257812 0.043750 0.065625
3 0.337500 0.028906 0.046875 0.054688
3 0.047656 0.067969 0.064062 0.035937
3 0.447656 0.213281 0.039062 0.070312
3 0.580469 0.046094 0.035937 0.076563
3 0.303125 0.492188 0.040625 0.078125
3 0.510938 0.041406 0.037500 0.076563
3 0.028125 0.253906 0.053125 0.039062
3 0.578906 0.300000 0.042188 0.078125
3 0.937500 0.052344 0.065625 0.042188
3 0.313281 0.678125 0.042188 0.068750
3 0.021094 0.329688 0.039062 0.040625
3 0.021875 0.289844 0.040625 0.032813
3 0.400781 0.769531 0.042188 0.073438
3 0.518750 0.214062 0.046875 0.087500
3 0.927344 0.087500 0.070312 0.040625
3 0.048438 0.142969 0.062500 0.042188
3 0.032031 0.181250 0.060937 0.040625
3 0.244531 0.665625 0.045312 0.075000
3 0.380469 0.445312 0.045312 0.078125
3 0.542188 0.045312 0.040625 0.075000
3 0.416406 0.205469 0.039062 0.070312
3 0.181250 0.407813 0.040625 0.078125
3 0.475781 0.532813 0.045312 0.078125
