1 0.700781 0.502344 0.095312 0.060937
0 0.702344 0.747656 0.045312 0.057813
0 0.983594 0.978125 0.032813 0.040625
0 0.682031 0.544531 0.073438 0.054688
0 0.618750 0.648438 0.056250 0.056250
0 0.888281 0.710938 0.039062 0.065625
0 0.641406 0.614062 0.064062 0.053125
0 0.938281 0.847656 0.051562 0.032813
0 0.475000 0.405469 0.050000 0.064062
0 0.521875 0.273438 0.046875 0.065625
0 0.550000 0.446875 0.046875 0.062500
0 0.745313 0.339062 0.050000 0.059375
0 0.720313 0.459375 0.062500 0.050000
0 0.741406 0.427344 0.067187 0.051562
0 0.558594 0.292187 0.054688 0.071875
0 0.649219 0.232813 0.051562 0.065625
0 0.930469 0.453125 0.035937 0.056250
0 0.482812 0.254688 0.053125 0.065625
0 0.967187 0.457031 0.040625 0.060937
1 0.955469 0.298438 0.045312 0.106250
0 0.914844 0.789844 0.035937 0.060937
0 0.508594 0.422656 0.051562 0.064062
0 0.953906 0.794531 0.039062 0.057813
0 0.927344 0.718750 0.035937 0.059375
0 0.875781 0.784375 0.039062 0.065625
1 0.978906 0.320312 0.042188 0.125000
0 0.963281 0.724219 0.035937 0.060937
0 0.983594 0.797656 0.032813 0.054688
