3 0.653906 0.237500 0.073438 0.065625
3 0.700000 0.053906 0.043750 0.076563
3 0.602344 0.021094 0.035937 0.039062
3 0.067969 0.157812 0.035937 0.062500
3 0.048438 0.635156 0.037500 0.067187
3 0.781250 0.260937 0.059375 0.071875
3 0.139844 0.143750 0.042188 0.075000
3 0.430469 0.134375 0.039062 0.068750
3 0.198437 0.190625 0.050000 0.093750
3 0.638281 0.018750 0.039062 0.034375
3 0.661719 0.304688 0.064062 0.059375
3 0.693750 0.228906 0.062500 0.060937
3 0.665625 0.053906 0.034375 0.060937
3 0.028906 0.167187 0.039062 0.078125
3 0.135937 0.373437 0.062500 0.062500
3 0.396875 0.131250 0.037500 0.062500
3 0.098437 0.158594 0.040625 0.070312
3 0.459375 0.353906 0.062500 0.064062
3 0.529687 0.032813 0.040625 0.062500
3 0.217969 0.120313 0.045312 0.071875
3 0.247656 0.335156 0.064062 0.060937
3 0.707031 0.289844 0.070312 0.060937
