3 0.732031 0.344531 0.067187 0.073438
3 0.596875 0.009375 0.050000 0.015625
3 0.777344 0.333594 0.079687 0.085938
3 0.603125 0.225000 0.046875 0.090625
3 0.421875 0.045312 0.062500 0.062500
3 0.413281 0.193750 0.039062 0.078125
3 0.682031 0.363281 0.085938 0.092188
3 0.457812 0.186719 0.037500 0.079687
3 0.576563 0.139062 0.040625 0.084375
3 0.503906 0.177344 0.039062 0.092188
3 0.580469 0.396875 0.067187 0.071875
3 0.379687 0.055469 0.065625 0.064062
3 0.342969 0.081250 0.070312 0.065625
3 0.538281 0.413281 0.070312 0.070312
