1 0.208594 0.786719 0.057813 0.104688
3 0.923438 0.048438 0.037500 0.090625
1 0.024219 0.875000 0.045312 0.109375
1 0.500781 0.740625 0.039062 0.096875
1 0.054688 0.857031 0.068750 0.107813
1 0.857031 0.757812 0.045312 0.112500
1 0.769531 0.758594 0.045312 0.110937
1 0.812500 0.758594 0.043750 0.110937
1 0.901563 0.760938 0.043750 0.112500
3 0.412500 0.042969 0.034375 0.073438
3 0.573438 0.040625 0.040625 0.078125
1 0.146875 0.812500 0.068750 0.106250
3 0.494531 0.042969 0.039062 0.079687
1 0.720313 0.758594 0.043750 0.110937
1 0.099219 0.837500 0.070312 0.106250
