2 0.171875 0.050781 0.100000 0.054688
2 0.182031 0.013281 0.101562 0.023438
2 0.914062 0.290625 0.112500 0.075000
2 0.717969 0.146094 0.104688 0.057813
2 0.052344 0.077344 0.098437 0.051562
2 0.356250 0.243750 0.118750 0.059375
2 0.581250 0.284375 0.106250 0.068750
2 0.614844 0.076563 0.104688 0.053125
2 0.701562 0.246875 0.112500 0.068750
2 0.508594 0.056250 0.101562 0.056250
2 0.151562 0.096875 0.096875 0.062500
2 0.510156 0.019531 0.098437 0.035937
2 0.693750 0.310156 0.106250 0.070312
2 0.140625 0.207031 0.109375 0.064062
2 0.600781 0.171875 0.107813 0.062500
2 0.468750 0.267188 0.109375 0.065625
2 0.254688 0.171094 0.100000 0.064062
2 0.725000 0.093750 0.109375 0.062500
2 0.709375 0.193750 0.109375 0.068750
2 0.262500 0.118750 0.103125 0.062500
2 0.143750 0.152344 0.112500 0.064062
2 0.607031 0.125000 0.101562 0.056250
2 0.285156 0.025781 0.104688 0.048438
2 0.500781 0.107813 0.104688 0.056250
2 0.400000 0.037500 0.100000 0.056250
2 0.484375 0.156250 0.106250 0.059375
2 0.592187 0.228906 0.112500 0.064062
2 0.376563 0.135156 0.106250 0.064062
2 0.391406 0.090625 0.101562 0.056250
2 0.063281 0.029687 0.101562 0.053125
2 0.278906 0.067969 0.098437 0.054688
2 0.474219 0.208594 0.104688 0.060937
2 0.364844 0.190625 0.110937 0.065625
2 0.246875 0.229687 0.100000 0.065625
2 0.619531 0.027344 0.104688 0.051562
2 0.722656 0.036719 0.104688 0.054688
2 0.800000 0.324219 0.106250 0.070312
2 0.804688 0.271094 0.106250 0.070312
2 0.900000 0.347656 0.106250 0.070312
2 0.808594 0.160156 0.104688 0.057813
