0 0.189062 0.057813 0.075000 0.068750
0 0.192188 0.117188 0.075000 0.071875
2 0.213281 0.357812 0.076563 0.081250
0 0.212500 0.358594 0.078125 0.082812
2 0.519531 0.591406 0.085938 0.095312
2 0.527344 0.497656 0.082812 0.095312
2 0.406250 0.892969 0.100000 0.054688
2 0.844531 0.478125 0.064062 0.109375
2 0.525781 0.246094 0.064062 0.110937
2 0.802344 0.267969 0.054688 0.107813
0 0.196875 0.196875 0.075000 0.075000
2 0.859375 0.249219 0.059375 0.107813
2 0.448437 0.495312 0.081250 0.093750
2 0.738281 0.377344 0.067187 0.104688
2 0.917188 0.252344 0.059375 0.107813
0 0.204687 0.275000 0.075000 0.078125
2 0.902344 0.481250 0.060937 0.106250
2 0.926562 0.131250 0.068750 0.112500
2 0.684375 0.371875 0.062500 0.103125
2 0.872656 0.125000 0.064062 0.103125
2 0.642188 0.137500 0.059375 0.109375
2 0.419531 0.127344 0.057813 0.101562
2 0.693750 0.263281 0.059375 0.117188
2 0.853125 0.362500 0.059375 0.106250
2 0.583594 0.248438 0.060937 0.106250
2 0.364844 0.034375 0.054688 0.065625
2 0.632031 0.368750 0.064062 0.109375
2 0.753906 0.142187 0.067187 0.112500
2 0.747656 0.267969 0.064062 0.114062
2 0.587500 0.140625 0.059375 0.106250
2 0.910156 0.361719 0.060937 0.107813
2 0.794531 0.378906 0.060937 0.104688
2 0.521875 0.367188 0.062500 0.112500
2 0.580469 0.367188 0.064062 0.109375
2 0.355469 0.240625 0.060937 0.109375
2 0.813281 0.149219 0.064062 0.107813
2 0.473438 0.132031 0.062500 0.107813
2 0.360156 0.127344 0.060937 0.101562
2 0.635938 0.253906 0.062500 0.107813
2 0.413281 0.242188 0.064062 0.109375
2 0.935937 0.030469 0.059375 0.057813
2 0.468750 0.247656 0.062500 0.107813
2 0.528906 0.133594 0.060937 0.104688
2 0.699219 0.137500 0.064062 0.115625
2 0.760938 0.040625 0.062500 0.078125
2 0.880469 0.030469 0.051562 0.057813
2 0.422656 0.035156 0.051562 0.067187
2 0.702344 0.039844 0.054688 0.076563
2 0.406250 0.362500 0.068750 0.112500
2 0.475781 0.037500 0.054688 0.071875
2 0.589844 0.037500 0.054688 0.071875
2 0.462500 0.364063 0.065625 0.109375
2 0.531250 0.038281 0.056250 0.073438
2 0.346094 0.361719 0.067187 0.110937
2 0.645312 0.038281 0.056250 0.073438
2 0.821875 0.041406 0.059375 0.079687
2 0.987500 0.489844 0.025000 0.114062
2 0.774219 0.518750 0.070312 0.081250
2 0.595313 0.514062 0.068750 0.090625
2 0.634375 0.495312 0.068750 0.090625
2 0.676562 0.476562 0.068750 0.090625
2 0.715625 0.543750 0.068750 0.090625
2 0.681250 0.564063 0.068750 0.090625
2 0.637500 0.593750 0.068750 0.090625
