1 0.902344 0.859375 0.195312 0.103125
2 0.017188 0.957812 0.031250 0.075000
0 0.528906 0.868750 0.039062 0.062500
1 0.017969 0.954688 0.032813 0.087500
4 0.192188 0.899219 0.096875 0.201563
4 0.112500 0.913281 0.062500 0.117188
4 0.365625 0.846875 0.093750 0.156250
4 0.707031 0.349219 0.079687 0.060937
4 0.935156 0.955469 0.129688 0.089063
0 0.378906 0.346875 0.048438 0.090625
4 0.599219 0.736719 0.051562 0.089063
1 0.020313 0.539844 0.037500 0.123438
1 0.892969 0.825781 0.204687 0.098437
4 0.264062 0.787500 0.081250 0.153125
1 0.443750 0.839844 0.087500 0.142187
4 0.675781 0.171875 0.120313 0.059375
1 0.660156 0.049219 0.139063 0.070312
1 0.880469 0.775000 0.210938 0.090625
1 0.130469 0.457031 0.073438 0.164062
1 0.296094 0.244531 0.073438 0.148438
1 0.247656 0.257812 0.076563 0.150000
1 0.346094 0.222656 0.067187 0.135937
4 0.747656 0.412500 0.132812 0.084375
1 0.439844 0.354687 0.079687 0.156250
1 0.172656 0.443750 0.070312 0.153125
1 0.088281 0.467969 0.073438 0.160938
1 0.854688 0.639844 0.209375 0.085938
