3 0.669531 0.582031 0.064062 0.064062
3 0.707812 0.396094 0.059375 0.067187
3 0.914844 0.560156 0.067187 0.057813
3 0.896094 0.328125 0.067187 0.065625
3 0.665625 0.224219 0.056250 0.064062
3 0.871094 0.351562 0.064062 0.062500
3 0.690625 0.557031 0.065625 0.057813
3 0.957031 0.511719 0.057813 0.054688
3 0.753906 0.484375 0.067187 0.062500
3 0.170313 0.731250 0.071875 0.071875
3 0.735938 0.507812 0.065625 0.059375
3 0.431250 0.442188 0.068750 0.040625
3 0.713281 0.533594 0.067187 0.060937
3 0.589844 0.257812 0.060937 0.068750
3 0.932031 0.539062 0.067187 0.056250
3 0.817187 0.141406 0.056250 0.064062
3 0.508594 0.675000 0.070312 0.046875
3 0.742188 0.760938 0.065625 0.056250
3 0.703906 0.820312 0.057813 0.068750
