3 0.689062 0.007031 0.040625 0.014063
3 0.651563 0.015625 0.043750 0.031250
3 0.401563 0.172656 0.043750 0.070312
3 0.526563 0.304688 0.043750 0.068750
3 0.682031 0.081250 0.042188 0.071875
3 0.843750 0.193750 0.046875 0.078125
3 0.613281 0.022656 0.048438 0.045312
3 0.540625 0.032031 0.050000 0.060937
3 0.104687 0.413281 0.053125 0.095312
3 0.546094 0.131250 0.048438 0.075000
3 0.857031 0.028125 0.048438 0.056250
3 0.805469 0.207813 0.045312 0.075000
3 0.369531 0.088281 0.045312 0.076563
3 0.475000 0.157813 0.046875 0.078125
