0 0.157031 0.768750 0.079687 0.053125
0 0.682031 0.669531 0.079687 0.051562
0 0.695312 0.706250 0.084375 0.053125
0 0.725781 0.807813 0.082812 0.053125
0 0.742188 0.854688 0.084375 0.050000
0 0.768750 0.945312 0.081250 0.053125
0 0.504687 0.664062 0.081250 0.053125
0 0.317188 0.715625 0.081250 0.040625
0 0.330469 0.760938 0.079687 0.050000
0 0.517969 0.714063 0.079687 0.053125
0 0.535156 0.758594 0.079687 0.060937
0 0.549219 0.803125 0.079687 0.053125
0 0.562500 0.846094 0.081250 0.051562
0 0.579688 0.898438 0.081250 0.053125
0 0.595313 0.941406 0.084375 0.060937
0 0.611719 0.978906 0.082812 0.035937
0 0.354687 0.848437 0.078125 0.053125
0 0.200000 0.914844 0.081250 0.054688
0 0.211719 0.951562 0.082812 0.053125
0 0.370312 0.896094 0.078125 0.048438
0 0.385937 0.933594 0.084375 0.054688
0 0.400000 0.973437 0.084375 0.046875
0 0.025781 0.953906 0.045312 0.048438
0 0.018750 0.910156 0.031250 0.045312
0 0.013281 0.863281 0.020313 0.039062
0 0.006250 0.816406 0.006250 0.045312
3 0.751563 0.210156 0.075000 0.051562
3 0.725781 0.108594 0.095312 0.057813
3 0.728125 0.160938 0.087500 0.053125
3 0.709375 0.047656 0.071875 0.048438
3 0.685156 0.013281 0.085938 0.020313
