3 0.775000 0.146875 0.043750 0.065625
3 0.982812 0.013281 0.034375 0.023438
3 0.522656 0.072656 0.045312 0.064062
3 0.912500 0.275000 0.037500 0.059375
3 0.840625 0.131250 0.037500 0.062500
3 0.750781 0.323437 0.039062 0.062500
3 0.742188 0.157031 0.046875 0.082812
3 0.885156 0.039062 0.039062 0.071875
3 0.855469 0.049219 0.035937 0.067187
3 0.432031 0.277344 0.064062 0.039062
3 0.786719 0.071875 0.042188 0.071875
3 0.714063 0.333594 0.034375 0.060937
3 0.589844 0.057813 0.039062 0.071875
3 0.973437 0.096094 0.040625 0.070312
3 0.821094 0.058594 0.035937 0.064062
3 0.428906 0.140625 0.057813 0.053125
3 0.814844 0.305469 0.042188 0.064062
3 0.922656 0.033594 0.035937 0.060937
3 0.437500 0.314844 0.062500 0.035937
3 0.456250 0.118750 0.059375 0.059375
3 0.682813 0.345313 0.034375 0.056250
3 0.411719 0.215625 0.070312 0.046875
