3 0.272656 0.497656 0.064062 0.039062
3 0.606250 0.376563 0.081250 0.053125
3 0.567187 0.507031 0.068750 0.039062
3 0.796094 0.605469 0.060937 0.042188
3 0.600781 0.451562 0.076563 0.053125
3 0.573438 0.573438 0.062500 0.040625
3 0.800781 0.528906 0.067187 0.039062
3 0.506250 0.564844 0.062500 0.042188
3 0.056250 0.542188 0.075000 0.053125
3 0.042969 0.694531 0.070312 0.048438
3 0.565625 0.653906 0.062500 0.042188
3 0.301563 0.854688 0.068750 0.046875
3 0.236719 0.843750 0.057813 0.040625
3 0.032813 0.736719 0.062500 0.042188
3 0.029687 0.817187 0.056250 0.046875
3 0.310156 0.775000 0.060937 0.043750
3 0.448437 0.879687 0.075000 0.046875
3 0.231250 0.734375 0.075000 0.043750
3 0.550000 0.732812 0.068750 0.046875
3 0.239063 0.772656 0.062500 0.042188
3 0.305469 0.816406 0.060937 0.039062
3 0.577344 0.608594 0.064062 0.042188
3 0.044531 0.622656 0.060937 0.042188
3 0.978906 0.546094 0.042188 0.057813
