3 0.981250 0.446094 0.034375 0.067187
3 0.510156 0.571094 0.032813 0.051562
3 0.724219 0.603125 0.035937 0.059375
3 0.410938 0.560156 0.037500 0.064062
3 0.310937 0.280469 0.040625 0.060937
3 0.777344 0.043750 0.070312 0.037500
3 0.399219 0.321875 0.051562 0.065625
3 0.271875 0.273438 0.046875 0.065625
3 0.241406 0.250781 0.042188 0.057813
3 0.847656 0.432031 0.035937 0.057813
3 0.538281 0.360938 0.039062 0.059375
3 0.703906 0.402344 0.039062 0.064062
3 0.143750 0.212500 0.046875 0.062500
3 0.471094 0.343750 0.039062 0.062500
3 0.090625 0.177344 0.043750 0.064062
3 0.774219 0.419531 0.035937 0.060937
3 0.448437 0.567969 0.034375 0.064062
3 0.879687 0.439063 0.037500 0.065625
3 0.739844 0.416406 0.039062 0.064062
3 0.117188 0.196094 0.040625 0.054688
3 0.180469 0.227344 0.042188 0.057813
3 0.545312 0.572656 0.034375 0.057813
3 0.942969 0.623437 0.032813 0.065625
3 0.438281 0.336719 0.042188 0.067187
3 0.669531 0.396094 0.042188 0.064062
3 0.212500 0.242188 0.046875 0.068750
3 0.339844 0.296094 0.051562 0.067187
3 0.688281 0.592187 0.032813 0.065625
3 0.649219 0.592187 0.032813 0.065625
3 0.271094 0.537500 0.032813 0.065625
3 0.175781 0.531250 0.032813 0.065625
3 0.110156 0.521875 0.032813 0.065625
