0 0.860156 0.553906 0.029687 0.064062
1 0.896094 0.548438 0.026562 0.065625
1 0.546875 0.839063 0.090625 0.203125
0 0.927344 0.556250 0.026562 0.062500
1 0.769531 0.553125 0.020313 0.062500
1 0.989062 0.536719 0.021875 0.120313
1 0.803906 0.524219 0.026562 0.117188
1 0.737500 0.550000 0.025000 0.062500
1 0.471094 0.835938 0.079687 0.209375
1 0.660937 0.893750 0.053125 0.096875
1 0.900781 0.257031 0.073438 0.095312
1 0.961719 0.543750 0.032813 0.087500
4 0.180469 0.314063 0.064062 0.106250
1 0.847656 0.353906 0.076563 0.095312
1 0.904687 0.853125 0.100000 0.193750
1 0.687500 0.521094 0.028125 0.123438
1 0.971094 0.865625 0.057813 0.196875
1 0.945312 0.333594 0.078125 0.101562
1 0.458594 0.510156 0.035937 0.129688
1 0.433594 0.828125 0.092188 0.234375
1 0.707812 0.321094 0.075000 0.132812
1 0.421094 0.510938 0.035937 0.121875
1 0.378906 0.510938 0.039062 0.125000
1 0.636719 0.520312 0.029687 0.121875
1 0.335156 0.510156 0.039062 0.123438
1 0.539844 0.523438 0.032813 0.134375
1 0.590625 0.522656 0.031250 0.129688
1 0.942187 0.854688 0.093750 0.187500
1 0.454688 0.287500 0.056250 0.093750
1 0.600000 0.844531 0.100000 0.195312
1 0.764062 0.345313 0.062500 0.103125
1 0.235156 0.706250 0.092188 0.037500
1 0.860156 0.849219 0.101562 0.189062
1 0.764844 0.842969 0.107813 0.195312
1 0.643750 0.322656 0.075000 0.101562
1 0.373437 0.266406 0.062500 0.104688
1 0.417187 0.270313 0.062500 0.106250
1 0.642188 0.843750 0.106250 0.196875
