0 0.306250 0.475000 0.046875 0.084375
3 0.857812 0.011719 0.037500 0.020313
1 0.986719 0.871875 0.023438 0.090625
0 0.399219 0.484375 0.035937 0.068750
1 0.592187 0.818750 0.037500 0.075000
3 0.989062 0.178125 0.021875 0.071875
3 0.766406 0.198437 0.064062 0.037500
1 0.722656 0.835156 0.045312 0.085938
1 0.641406 0.829688 0.039062 0.078125
0 0.493750 0.492969 0.037500 0.070312
3 0.771875 0.162500 0.062500 0.037500
1 0.940625 0.887500 0.053125 0.131250
3 0.785156 0.097656 0.076563 0.042188
3 0.981250 0.255469 0.031250 0.073438
3 0.892188 0.413281 0.037500 0.076563
