3 0.010156 0.328125 0.017188 0.053125
3 0.114844 0.413281 0.057813 0.051562
3 0.720313 0.631250 0.046875 0.068750
3 0.706250 0.606250 0.050000 0.071875
3 0.914844 0.791406 0.035937 0.057813
3 0.501563 0.426563 0.059375 0.053125
3 0.640625 0.355469 0.068750 0.076563
3 0.617969 0.322656 0.054688 0.064062
3 0.842969 0.542188 0.076563 0.046875
3 0.341406 0.621094 0.064062 0.051562
3 0.220312 0.644531 0.068750 0.054688
3 0.329688 0.276562 0.056250 0.050000
3 0.162500 0.113281 0.065625 0.057813
3 0.200000 0.308594 0.065625 0.064062
3 0.791406 0.482812 0.067187 0.043750
3 0.424219 0.407031 0.057813 0.057813
3 0.071094 0.517188 0.117188 0.125000
3 0.187500 0.437500 0.056250 0.059375
3 0.359375 0.490625 0.056250 0.050000
3 0.268750 0.592187 0.068750 0.056250
3 0.069531 0.464844 0.057813 0.051562
3 0.265625 0.014844 0.056250 0.026562
3 0.286719 0.567969 0.064062 0.054688
3 0.155469 0.365625 0.057813 0.053125
3 0.020313 0.297656 0.037500 0.054688
3 0.971094 0.635938 0.057813 0.050000
3 0.853125 0.731250 0.040625 0.062500
3 0.937500 0.805469 0.040625 0.064062
3 0.069531 0.207813 0.054688 0.059375
3 0.031250 0.269531 0.053125 0.060937
3 0.184375 0.076563 0.059375 0.050000
3 0.146875 0.138281 0.065625 0.060937
3 0.303125 0.301563 0.062500 0.053125
3 0.478125 0.460156 0.068750 0.060937
3 0.567969 0.284375 0.057813 0.059375
3 0.258594 0.355469 0.060937 0.057813
3 0.242969 0.255469 0.060937 0.060937
3 0.044531 0.241406 0.054688 0.057813
3 0.402344 0.434375 0.054688 0.056250
3 0.672656 0.375781 0.057813 0.060937
3 0.589063 0.301563 0.050000 0.059375
3 0.379688 0.466406 0.059375 0.054688
3 0.883594 0.765625 0.042188 0.065625
3 0.280469 0.335156 0.064062 0.057813
3 0.178125 0.332813 0.056250 0.056250
3 0.144531 0.491406 0.064062 0.064062
3 0.118750 0.160156 0.059375 0.057813
3 0.444531 0.378125 0.060937 0.056250
3 0.332813 0.515625 0.062500 0.056250
3 0.330469 0.638281 0.064062 0.051562
3 0.821094 0.507812 0.076563 0.046875
3 0.382031 0.967969 0.070312 0.057813
3 0.271875 0.685156 0.068750 0.054688
3 0.364844 0.585156 0.064062 0.051562
3 0.383594 0.555469 0.064062 0.051562
3 0.413281 0.527344 0.064062 0.051562
3 0.428906 0.500781 0.064062 0.051562
3 0.449219 0.483594 0.064062 0.051562
