3 0.456250 0.487500 0.062500 0.037500
3 0.602344 0.446094 0.073438 0.039062
3 0.794531 0.768750 0.039062 0.062500
3 0.476562 0.160938 0.037500 0.062500
3 0.628125 0.516406 0.062500 0.035937
3 0.590625 0.382031 0.065625 0.039062
3 0.728125 0.597656 0.065625 0.042188
3 0.817187 0.397656 0.059375 0.039062
3 0.723437 0.771094 0.046875 0.073438
3 0.620313 0.141406 0.043750 0.070312
3 0.441406 0.421875 0.070312 0.043750
3 0.596875 0.412500 0.065625 0.034375
3 0.672656 0.396875 0.076563 0.043750
3 0.521094 0.154688 0.039062 0.078125
3 0.853125 0.725781 0.040625 0.067187
3 0.690625 0.783594 0.046875 0.073438
3 0.654687 0.334375 0.081250 0.050000
3 0.825000 0.757812 0.040625 0.068750
3 0.844531 0.429688 0.073438 0.043750
3 0.658594 0.791406 0.045312 0.073438
3 0.446094 0.172656 0.045312 0.070312
3 0.613281 0.480469 0.076563 0.042188
3 0.482812 0.586719 0.062500 0.039062
3 0.759375 0.769531 0.040625 0.073438
3 0.696875 0.493750 0.068750 0.043750
3 0.657813 0.614844 0.062500 0.035937
3 0.467969 0.518750 0.073438 0.043750
3 0.485938 0.620313 0.062500 0.040625
3 0.635938 0.552344 0.068750 0.042188
3 0.550000 0.157031 0.037500 0.048438
3 0.875000 0.601562 0.065625 0.040625
3 0.855469 0.567187 0.032813 0.031250
