0 0.401563 0.921094 0.071875 0.054688
0 0.009375 0.251563 0.018750 0.056250
0 0.010156 0.715625 0.020313 0.040625
0 0.040625 0.013281 0.059375 0.023438
0 0.674219 0.801562 0.067187 0.046875
0 0.376563 0.025000 0.065625 0.040625
0 0.485938 0.328906 0.062500 0.045312
0 0.556250 0.503125 0.065625 0.046875
0 0.525781 0.846094 0.067187 0.048438
0 0.242969 0.954687 0.070312 0.046875
0 0.195312 0.396875 0.068750 0.043750
0 0.621094 0.650000 0.067187 0.046875
0 0.148438 0.728906 0.068750 0.048438
0 0.214062 0.879687 0.065625 0.046875
0 0.645312 0.721875 0.068750 0.043750
0 0.514063 0.403906 0.062500 0.045312
0 0.095312 0.121094 0.071875 0.048438
0 0.167969 0.321875 0.067187 0.046875
0 0.342969 0.343750 0.070312 0.043750
0 0.032813 0.830469 0.059375 0.048438
0 0.178906 0.803906 0.070312 0.048438
0 0.717188 0.917188 0.065625 0.046875
0 0.110937 0.158594 0.065625 0.048438
0 0.067969 0.945312 0.064062 0.046875
0 0.098437 0.582031 0.068750 0.045312
0 0.539062 0.467969 0.068750 0.048438
0 0.078906 0.082031 0.070312 0.048438
0 0.260156 0.982813 0.067187 0.034375
0 0.296875 0.627344 0.068750 0.048438
0 0.525781 0.436719 0.064062 0.042188
0 0.703125 0.879687 0.068750 0.046875
0 0.389844 0.061719 0.064062 0.042188
0 0.732813 0.957031 0.068750 0.048438
0 0.414062 0.985156 0.068750 0.029687
0 0.213281 0.435156 0.067187 0.048438
0 0.046094 0.429688 0.067187 0.046875
0 0.358594 0.380469 0.067187 0.045312
0 0.085156 0.977344 0.064062 0.039062
0 0.059375 0.466406 0.068750 0.045312
0 0.461719 0.250781 0.067187 0.045312
0 0.329688 0.308594 0.071875 0.048438
0 0.410156 0.936719 0.067187 0.048438
0 0.023438 0.792969 0.046875 0.048438
0 0.224219 0.917969 0.067187 0.048438
0 0.133594 0.692969 0.070312 0.048438
0 0.416406 0.545313 0.064062 0.046875
0 0.162500 0.767969 0.068750 0.048438
0 0.587500 0.575781 0.065625 0.045312
0 0.512500 0.810938 0.065625 0.046875
0 0.084375 0.544531 0.068750 0.048438
0 0.658594 0.762500 0.067187 0.046875
0 0.683594 0.838281 0.067187 0.045312
0 0.181250 0.359375 0.068750 0.043750
0 0.197656 0.842188 0.070312 0.050000
0 0.064062 0.046875 0.068750 0.046875
0 0.467969 0.700781 0.067187 0.045312
0 0.269531 0.153125 0.067187 0.046875
0 0.390625 0.900781 0.068750 0.048438
0 0.632812 0.689062 0.065625 0.043750
0 0.482812 0.742969 0.068750 0.048438
0 0.569531 0.536719 0.064062 0.045312
0 0.472656 0.291406 0.064062 0.042188
0 0.496875 0.365625 0.065625 0.043750
0 0.362500 0.825000 0.065625 0.043750
0 0.311719 0.674219 0.070312 0.045312
0 0.110937 0.617969 0.068750 0.045312
0 0.348437 0.790625 0.065625 0.043750
0 0.600781 0.614844 0.064062 0.042188
0 0.428906 0.585156 0.067187 0.045312
0 0.385938 0.468750 0.065625 0.046875
