2 0.564844 0.102344 0.048438 0.085938
2 0.330469 0.632031 0.048438 0.082812
2 0.383594 0.729688 0.042188 0.084375
2 0.333594 0.728906 0.042188 0.089063
2 0.276562 0.635156 0.050000 0.085938
2 0.252344 0.221094 0.048438 0.101562
2 0.679688 0.625781 0.053125 0.089063
2 0.572656 0.016406 0.089063 0.029687
2 0.285156 0.735156 0.048438 0.089063
2 0.433594 0.725781 0.042188 0.076563
2 0.317969 0.314063 0.045312 0.090625
2 0.377344 0.304688 0.051562 0.096875
2 0.312500 0.203906 0.053125 0.085938
2 0.255469 0.322656 0.048438 0.085938
2 0.386719 0.625781 0.045312 0.092188
2 0.477344 0.307812 0.045312 0.093750
2 0.675781 0.528906 0.051562 0.089063
2 0.623437 0.410156 0.053125 0.095312
2 0.672656 0.410156 0.048438 0.089063
2 0.328125 0.528125 0.053125 0.081250
2 0.620313 0.299219 0.043750 0.082812
2 0.370312 0.208594 0.050000 0.089063
2 0.524219 0.632031 0.045312 0.082812
2 0.251563 0.104688 0.046875 0.084375
2 0.476562 0.631250 0.040625 0.078125
2 0.526563 0.521094 0.050000 0.089063
2 0.260156 0.423438 0.048438 0.093750
2 0.421094 0.204687 0.048438 0.084375
2 0.521094 0.096875 0.045312 0.087500
2 0.472656 0.204687 0.051562 0.090625
2 0.478906 0.526563 0.048438 0.087500
2 0.524219 0.305469 0.045312 0.085938
2 0.571875 0.302344 0.046875 0.089063
2 0.427344 0.413281 0.048438 0.085938
2 0.620313 0.203906 0.050000 0.092188
2 0.571094 0.525000 0.048438 0.081250
2 0.622656 0.628906 0.048438 0.089063
2 0.570312 0.417969 0.046875 0.079687
2 0.427344 0.307031 0.051562 0.095312
2 0.525000 0.416406 0.046875 0.085938
2 0.303125 0.103906 0.056250 0.089063
2 0.522656 0.205469 0.048438 0.089063
2 0.666406 0.296875 0.048438 0.096875
2 0.479687 0.412500 0.046875 0.084375
2 0.267188 0.528125 0.046875 0.087500
2 0.324219 0.417187 0.048438 0.087500
2 0.432812 0.628906 0.040625 0.089063
2 0.571094 0.636719 0.051562 0.089063
2 0.474219 0.088281 0.057813 0.101562
2 0.361719 0.099219 0.054688 0.089063
2 0.621094 0.529687 0.051562 0.084375
2 0.382812 0.528906 0.050000 0.089063
2 0.378906 0.417187 0.048438 0.087500
2 0.571875 0.207813 0.046875 0.087500
2 0.419531 0.094531 0.051562 0.085938
2 0.431250 0.529687 0.050000 0.087500
2 0.574219 0.738281 0.051562 0.089063
2 0.625781 0.735156 0.051562 0.089063
2 0.682031 0.733594 0.051562 0.089063
2 0.685156 0.835938 0.051562 0.090625
2 0.630469 0.840625 0.051562 0.090625
2 0.627344 0.935156 0.051562 0.089063
2 0.683594 0.930469 0.051562 0.089063
2 0.577344 0.933594 0.051562 0.089063
2 0.575781 0.839844 0.051562 0.089063
2 0.522656 0.738281 0.051562 0.089063
2 0.471094 0.736719 0.051562 0.089063
2 0.286719 0.833594 0.051562 0.089063
2 0.335156 0.833594 0.051562 0.089063
2 0.388281 0.832031 0.051562 0.089063
2 0.428906 0.839844 0.051562 0.089063
2 0.478906 0.838281 0.051562 0.089063
2 0.530469 0.842969 0.051562 0.089063
2 0.524219 0.935156 0.051562 0.089063
2 0.471094 0.928906 0.051562 0.089063
2 0.419531 0.932031 0.051562 0.089063
