3 0.796094 0.296875 0.110937 0.043750
3 0.589844 0.894531 0.042188 0.095312
3 0.499219 0.668750 0.035937 0.071875
3 0.403125 0.893750 0.034375 0.084375
3 0.344531 0.900000 0.042188 0.096875
3 0.876563 0.075000 0.096875 0.043750
4 0.780469 0.188281 0.104688 0.051562
4 0.775000 0.024219 0.093750 0.045312
4 0.489844 0.089063 0.048438 0.078125
4 0.907031 0.231250 0.104688 0.046875
4 0.792188 0.239063 0.084375 0.043750
4 0.771875 0.103906 0.100000 0.048438
4 0.874219 0.024219 0.092188 0.045312
4 0.789062 0.142187 0.078125 0.040625
4 0.635938 0.348438 0.053125 0.096875
4 0.895312 0.175000 0.115625 0.059375
3 0.918750 0.289844 0.096875 0.057813
4 0.704688 0.405469 0.071875 0.057813
