3 0.983594 0.682813 0.029687 0.050000
3 0.716406 0.661719 0.070312 0.060937
3 0.491406 0.989062 0.064062 0.021875
3 0.762500 0.903125 0.059375 0.043750
3 0.714063 0.985938 0.062500 0.028125
3 0.968750 0.586719 0.059375 0.057813
3 0.727344 0.950781 0.064062 0.048438
3 0.635156 0.769531 0.057813 0.051562
3 0.970313 0.903125 0.034375 0.062500
3 0.896875 0.905469 0.031250 0.060937
3 0.800781 0.855469 0.057813 0.039062
3 0.934375 0.976562 0.031250 0.046875
3 0.554688 0.906250 0.068750 0.050000
3 0.621094 0.802344 0.060937 0.051562
3 0.982031 0.510156 0.035937 0.067187
3 0.632031 0.725000 0.060937 0.050000
3 0.894531 0.978125 0.032813 0.043750
3 0.702344 0.695312 0.064062 0.050000
3 0.892969 0.682031 0.057813 0.045312
3 0.929688 0.650781 0.059375 0.048438
3 0.936719 0.901563 0.032813 0.065625
3 0.973437 0.982031 0.031250 0.035937
3 0.860156 0.904687 0.035937 0.062500
3 0.579688 0.868750 0.062500 0.053125
3 0.538281 0.942969 0.073438 0.057813
3 0.949219 0.614062 0.064062 0.056250
