3 0.012500 0.022656 0.021875 0.042188
3 0.258594 0.181250 0.039062 0.065625
3 0.109375 0.337500 0.043750 0.084375
3 0.146875 0.338281 0.043750 0.073438
3 0.195312 0.492188 0.046875 0.075000
3 0.368750 0.509375 0.037500 0.075000
3 0.278906 0.334375 0.039062 0.071875
3 0.318750 0.341406 0.037500 0.073438
3 0.197656 0.019531 0.039062 0.039062
3 0.412500 0.344531 0.037500 0.076563
3 0.064062 0.492969 0.068750 0.132812
3 0.486719 0.342969 0.032813 0.070312
3 0.439063 0.510938 0.034375 0.065625
3 0.260156 0.021875 0.032813 0.043750
3 0.363281 0.028906 0.032813 0.054688
3 0.128125 0.021875 0.034375 0.040625
3 0.061719 0.018750 0.035937 0.037500
