1 0.694531 0.556250 0.076563 0.075000
1 0.619531 0.443750 0.079687 0.084375
1 0.972656 0.927344 0.051562 0.073438
1 0.015625 0.503906 0.028125 0.076563
1 0.394531 0.165625 0.104688 0.100000
1 0.936719 0.866406 0.079687 0.076563
1 0.910156 0.835938 0.073438 0.075000
1 0.643750 0.470313 0.087500 0.087500
1 0.553906 0.371094 0.082812 0.082812
1 0.960156 0.900781 0.073438 0.082812
1 0.500781 0.319531 0.085938 0.085938
1 0.584375 0.409375 0.084375 0.093750
1 0.668750 0.507812 0.081250 0.071875
1 0.525781 0.344531 0.082812 0.082812
1 0.471094 0.287500 0.089063 0.087500
0 0.171094 0.701562 0.057813 0.053125
0 0.134375 0.629687 0.059375 0.053125
0 0.153125 0.661719 0.056250 0.048438
