1 0.880469 0.019531 0.095312 0.035937
2 0.278125 0.985156 0.040625 0.029687
1 0.985156 0.221875 0.029687 0.043750
0 0.141406 0.600781 0.051562 0.064062
0 0.108594 0.617969 0.048438 0.064062
1 0.179688 0.391406 0.075000 0.085938
1 0.964844 0.137500 0.064062 0.081250
2 0.499219 0.878906 0.070312 0.082812
2 0.360938 0.964063 0.065625 0.071875
1 0.943750 0.575000 0.103125 0.153125
2 0.428125 0.925781 0.065625 0.079687
2 0.393750 0.946094 0.065625 0.082812
4 0.950781 0.407813 0.098437 0.165625
2 0.465625 0.902344 0.065625 0.085938
1 0.210938 0.364844 0.075000 0.085938
1 0.240625 0.344531 0.075000 0.085938
4 0.728906 0.703906 0.107813 0.160938
4 0.687500 0.725781 0.096875 0.148438
2 0.319531 0.972656 0.051562 0.054688
0 0.169531 0.588281 0.051562 0.064062
0 0.199219 0.574219 0.051562 0.064062
0 0.227344 0.544531 0.051562 0.064062
0 0.180469 0.466406 0.051562 0.064062
0 0.152344 0.486719 0.051562 0.064062
0 0.122656 0.507031 0.051562 0.064062
0 0.094531 0.522656 0.051562 0.064062
0 0.061719 0.546094 0.051562 0.064062
