2 0.376202 0.115385 0.098558 0.129808
2 0.801683 0.329327 0.098558 0.129808
2 0.859375 0.132212 0.098558 0.129808
2 0.770433 0.163462 0.098558 0.129808
2 0.683894 0.180288 0.098558 0.129808
2 0.608173 0.115385 0.086538 0.115385
2 0.538462 0.075721 0.091346 0.122596
2 0.919471 0.201923 0.098558 0.129808
2 0.950721 0.103365 0.098558 0.129808
2 0.912260 0.044471 0.093750 0.084135
2 0.813702 0.063702 0.093750 0.122596
2 0.735577 0.050481 0.096154 0.096154
2 0.644231 0.022837 0.081731 0.040865
2 0.561298 0.013221 0.079327 0.021635
2 0.468750 0.060096 0.091346 0.115385
2 0.388221 0.031250 0.084135 0.057692
2 0.388221 0.302885 0.098558 0.129808
2 0.462740 0.341346 0.098558 0.129808
2 0.520433 0.372596 0.098558 0.129808
2 0.590144 0.384615 0.098558 0.129808
2 0.700721 0.403846 0.098558 0.129808
2 0.758413 0.454327 0.098558 0.129808
2 0.734375 0.288462 0.098558 0.129808
2 0.643029 0.300481 0.098558 0.129808
2 0.570913 0.245192 0.098558 0.129808
2 0.496394 0.216346 0.098558 0.129808
2 0.436298 0.185096 0.098558 0.129808
2 0.554087 0.516827 0.098558 0.129808
2 0.479567 0.490385 0.098558 0.129808
2 0.414663 0.478365 0.098558 0.129808
2 0.364183 0.423077 0.098558 0.129808
2 0.287260 0.355769 0.098558 0.129808
2 0.313702 0.237981 0.098558 0.129808
2 0.296875 0.927885 0.132212 0.081731
2 0.086538 0.581731 0.120192 0.105769
