1 0.100781 0.714844 0.064062 0.085938
1 0.463281 0.025000 0.085938 0.046875
1 0.209375 0.212500 0.090625 0.096875
1 0.869531 0.253906 0.070312 0.079687
1 0.096094 0.279687 0.107813 0.150000
0 0.132031 0.683594 0.051562 0.064062
1 0.586719 0.439063 0.095312 0.146875
1 0.840625 0.281250 0.081250 0.106250
0 0.166406 0.660156 0.048438 0.070312
1 0.788281 0.288281 0.064062 0.079687
0 0.357031 0.539844 0.051562 0.070312
0 0.468750 0.478125 0.059375 0.078125
1 0.917188 0.226562 0.087500 0.100000
0 0.321094 0.557031 0.051562 0.067187
0 0.700000 0.342187 0.050000 0.071875
0 0.388281 0.517188 0.048438 0.065625
4 0.052344 0.750781 0.064062 0.089063
4 0.208594 0.642188 0.051562 0.068750
4 0.230469 0.615625 0.051562 0.068750
4 0.255469 0.593750 0.051562 0.068750
