4 0.431250 0.475000 0.109375 0.068750
0 0.324219 0.299219 0.070312 0.051562
0 0.285938 0.205469 0.068750 0.054688
0 0.304688 0.245312 0.071875 0.053125
0 0.482812 0.235156 0.084375 0.057813
1 0.784375 0.361719 0.093750 0.054688
1 0.600781 0.476562 0.095312 0.056250
1 0.593750 0.423438 0.093750 0.059375
0 0.394531 0.435156 0.092188 0.054688
3 0.342969 0.847656 0.070312 0.104688
3 0.291406 0.861719 0.070312 0.104688
3 0.102344 0.927344 0.070312 0.104688
3 0.020313 0.953906 0.037500 0.092188
3 0.057031 0.941406 0.048438 0.067187
