3 0.871094 0.008594 0.048438 0.014063
3 0.825781 0.444531 0.039062 0.051562
3 0.709375 0.071094 0.050000 0.067187
3 0.227344 0.110937 0.054688 0.046875
3 0.393750 0.021094 0.056250 0.039062
3 0.767969 0.032813 0.051562 0.062500
3 0.033594 0.028906 0.029687 0.054688
3 0.739844 0.055469 0.051562 0.070312
3 0.189844 0.130469 0.060937 0.054688
3 0.029687 0.233594 0.056250 0.054688
3 0.342969 0.067187 0.054688 0.050000
3 0.067187 0.027344 0.034375 0.051562
3 0.365625 0.035937 0.062500 0.046875
3 0.151562 0.160156 0.062500 0.048438
3 0.091406 0.202344 0.057813 0.051562
3 0.258594 0.092969 0.060937 0.054688
