0 0.032813 0.051562 0.056250 0.034375
0 0.028906 0.017188 0.054688 0.031250
0 0.035937 0.083594 0.056250 0.029687
0 0.329688 0.484375 0.065625 0.034375
0 0.330469 0.446094 0.070312 0.032813
0 0.087500 0.515625 0.065625 0.034375
0 0.084375 0.485938 0.065625 0.034375
0 0.078125 0.451562 0.065625 0.034375
0 0.073438 0.415625 0.065625 0.034375
0 0.073438 0.384375 0.065625 0.034375
0 0.068750 0.353125 0.065625 0.034375
0 0.064062 0.321875 0.065625 0.034375
0 0.056250 0.289062 0.065625 0.034375
0 0.053125 0.256250 0.065625 0.034375
0 0.050000 0.223438 0.065625 0.034375
0 0.043750 0.190625 0.065625 0.034375
0 0.040625 0.153125 0.065625 0.034375
0 0.039062 0.121875 0.065625 0.034375
