1 0.363281 0.814844 0.142187 0.117188
1 0.500781 0.908594 0.126562 0.101562
1 0.424219 0.959375 0.126562 0.081250
2 0.282813 0.853125 0.093750 0.090625
2 0.251563 0.904687 0.093750 0.090625
1 0.246875 0.957031 0.118750 0.085938
1 0.188281 0.978906 0.073438 0.042188
0 0.040625 0.891406 0.078125 0.070312
0 0.014844 0.977344 0.026562 0.045312
0 0.025781 0.939844 0.048438 0.064062
0 0.099219 0.381250 0.070312 0.071875
2 0.123438 0.044531 0.081250 0.085938
0 0.108594 0.478906 0.060937 0.067187
0 0.142187 0.515625 0.065625 0.078125
0 0.182812 0.537500 0.062500 0.065625
1 0.061719 0.040625 0.098437 0.078125
3 0.672656 0.744531 0.079687 0.076563
