3 0.589063 0.881250 0.059375 0.043750
3 0.764844 0.689063 0.060937 0.053125
3 0.078906 0.968750 0.092188 0.062500
3 0.366406 0.957812 0.070312 0.059375
3 0.282813 0.961719 0.056250 0.042188
3 0.382812 0.985156 0.065625 0.029687
3 0.851562 0.821094 0.065625 0.051562
3 0.269531 0.868750 0.079687 0.065625
3 0.685156 0.692187 0.070312 0.062500
3 0.920312 0.957812 0.068750 0.059375
3 0.755469 0.834375 0.067187 0.056250
3 0.840625 0.957812 0.062500 0.053125
3 0.904687 0.919531 0.071875 0.060937
3 0.740625 0.787500 0.059375 0.053125
3 0.568750 0.842969 0.068750 0.051562
