3 0.559375 0.827344 0.062500 0.045312
3 0.663281 0.614844 0.067187 0.042188
3 0.872656 0.139844 0.073438 0.048438
3 0.595313 0.730469 0.068750 0.048438
3 0.756250 0.788281 0.071875 0.048438
3 0.689844 0.935937 0.076563 0.059375
3 0.573438 0.795312 0.062500 0.046875
3 0.721875 0.877344 0.065625 0.042188
3 0.866406 0.174219 0.067187 0.051562
3 0.828125 0.267969 0.056250 0.045312
3 0.634375 0.667188 0.062500 0.043750
3 0.648438 0.635938 0.065625 0.043750
3 0.584375 0.762500 0.059375 0.040625
3 0.764062 0.389062 0.065625 0.050000
3 0.733594 0.845313 0.064062 0.043750
3 0.543750 0.857031 0.062500 0.051562
3 0.908594 0.495312 0.064062 0.046875
3 0.739844 0.810937 0.073438 0.050000
3 0.937500 0.020313 0.065625 0.037500
3 0.775000 0.762500 0.071875 0.043750
3 0.810156 0.689063 0.064062 0.043750
3 0.954688 0.371875 0.068750 0.053125
3 0.788281 0.721094 0.064062 0.048438
3 0.889062 0.524219 0.068750 0.048438
3 0.822656 0.656250 0.067187 0.040625
3 0.617969 0.700000 0.060937 0.046875
3 0.869531 0.557813 0.064062 0.043750
3 0.932031 0.432031 0.070312 0.051562
