3 0.585938 0.234375 0.053125 0.031250
3 0.426562 0.622656 0.059375 0.029687
3 0.382812 0.821094 0.059375 0.039062
3 0.760938 0.301562 0.062500 0.034375
3 0.775000 0.226562 0.065625 0.034375
3 0.150000 0.675781 0.062500 0.039062
3 0.593750 0.200000 0.056250 0.031250
3 0.576563 0.273438 0.062500 0.034375
3 0.145313 0.750781 0.062500 0.035937
3 0.135937 0.873438 0.062500 0.034375
3 0.379687 0.340625 0.050000 0.056250
3 0.396094 0.244531 0.067187 0.070312
3 0.610937 0.158594 0.062500 0.035937
3 0.213281 0.884375 0.067187 0.040625
3 0.403906 0.703125 0.057813 0.034375
3 0.222656 0.675781 0.057813 0.035937
3 0.409375 0.660156 0.059375 0.029687
3 0.364844 0.907031 0.048438 0.039062
3 0.787500 0.185156 0.065625 0.035937
3 0.381250 0.786719 0.065625 0.035937
3 0.728906 0.493750 0.064062 0.037500
3 0.384375 0.295312 0.059375 0.062500
3 0.630469 0.085938 0.060937 0.040625
3 0.438281 0.175781 0.057813 0.060937
3 0.564844 0.312500 0.064062 0.037500
3 0.357812 0.370313 0.050000 0.059375
3 0.401563 0.741406 0.053125 0.032813
3 0.148438 0.829687 0.065625 0.037500
3 0.747656 0.378125 0.073438 0.040625
3 0.731250 0.454688 0.065625 0.037500
3 0.426562 0.588281 0.059375 0.032813
3 0.760156 0.339844 0.064062 0.035937
3 0.742969 0.416406 0.064062 0.035937
3 0.561719 0.399219 0.064062 0.042188
3 0.561719 0.347656 0.060937 0.039062
3 0.380469 0.861719 0.060937 0.035937
3 0.157031 0.630469 0.064062 0.039062
3 0.153125 0.709375 0.062500 0.037500
3 0.149219 0.789844 0.064062 0.035937
