0 0.970313 0.500781 0.059375 0.042188
1 0.255469 0.022656 0.076563 0.042188
1 0.608594 0.046094 0.073438 0.089063
0 0.755469 0.856250 0.060937 0.046875
1 0.087500 0.242969 0.065625 0.073438
1 0.900781 0.178125 0.054688 0.109375
0 0.972656 0.415625 0.051562 0.056250
1 0.040625 0.070312 0.075000 0.087500
1 0.754687 0.651563 0.090625 0.146875
0 0.847656 0.430469 0.067187 0.042188
1 0.280469 0.033594 0.067187 0.064062
1 0.621875 0.193750 0.078125 0.100000
1 0.406250 0.074219 0.075000 0.098437
1 0.328125 0.039062 0.071875 0.075000
1 0.656250 0.054688 0.081250 0.106250
1 0.874219 0.667188 0.110937 0.053125
1 0.371875 0.050781 0.084375 0.098437
1 0.475781 0.110937 0.064062 0.090625
1 0.552344 0.145313 0.067187 0.093750
1 0.507812 0.128906 0.068750 0.095312
1 0.439844 0.085938 0.073438 0.100000
1 0.567187 0.034375 0.068750 0.065625
1 0.496875 0.022656 0.062500 0.042188
0 0.936719 0.540625 0.057813 0.037500
0 0.790625 0.716406 0.062500 0.064062
1 0.539844 0.778906 0.092188 0.142187
1 0.486719 0.750000 0.076563 0.100000
1 0.122656 0.929688 0.226562 0.140625
