2 0.125781 0.391406 0.120313 0.051562
1 0.563281 0.613281 0.107813 0.135937
3 0.961719 0.376563 0.064062 0.059375
3 0.917188 0.017188 0.068750 0.031250
3 0.808594 0.132031 0.060937 0.051562
3 0.924219 0.308594 0.057813 0.045312
3 0.867969 0.210156 0.060937 0.051562
3 0.909375 0.280469 0.062500 0.057813
3 0.977344 0.110937 0.039062 0.068750
2 0.210156 0.332031 0.079687 0.048438
3 0.955469 0.070312 0.064062 0.059375
2 0.206250 0.279687 0.087500 0.068750
3 0.983594 0.135937 0.032813 0.065625
3 0.941406 0.347656 0.060937 0.051562
3 0.827344 0.164844 0.060937 0.051562
0 0.951562 0.946875 0.053125 0.065625
2 0.603906 0.300000 0.048438 0.093750
3 0.736719 0.032031 0.079687 0.060937
2 0.444531 0.250000 0.048438 0.068750
2 0.530469 0.291406 0.054688 0.104688
2 0.491406 0.270313 0.054688 0.093750
4 0.209375 0.574219 0.100000 0.051562
4 0.485938 0.675000 0.075000 0.100000
