3 0.131250 0.372656 0.056250 0.073438
3 0.169531 0.345313 0.060937 0.081250
3 0.016406 0.045312 0.029687 0.075000
4 0.244531 0.306250 0.070312 0.100000
0 0.017188 0.127344 0.031250 0.067187
3 0.690625 0.020313 0.046875 0.037500
3 0.096875 0.393750 0.059375 0.081250
3 0.062500 0.418750 0.053125 0.078125
3 0.271094 0.277344 0.089063 0.129688
3 0.206250 0.330469 0.065625 0.082812
3 0.079687 0.017188 0.053125 0.031250
3 0.326562 0.264844 0.065625 0.098437
3 0.589063 0.078906 0.059375 0.082812
3 0.374219 0.264844 0.048438 0.067187
4 0.089844 0.076563 0.098437 0.062500
3 0.043750 0.026562 0.040625 0.050000
