3 0.963281 0.758594 0.039062 0.048438
3 0.929688 0.981250 0.037500 0.037500
3 0.896875 0.752344 0.037500 0.057813
3 0.848437 0.821094 0.043750 0.070312
3 0.824219 0.971875 0.039062 0.053125
3 0.964844 0.982812 0.039062 0.034375
3 0.883594 0.830469 0.042188 0.067187
3 0.866406 0.742188 0.039062 0.065625
3 0.895312 0.977344 0.037500 0.045312
3 0.917188 0.832812 0.040625 0.068750
3 0.828906 0.743750 0.039062 0.071875
3 0.860156 0.974219 0.035937 0.051562
3 0.604688 0.917969 0.053125 0.060937
3 0.948438 0.831250 0.040625 0.068750
3 0.979688 0.834375 0.040625 0.068750
3 0.797656 0.965625 0.039062 0.053125
