3 0.092188 0.812500 0.109375 0.062500
2 0.182031 0.551563 0.060938 0.096875
2 0.263281 0.660938 0.076563 0.087500
2 0.314844 0.551563 0.082813 0.106250
3 0.534375 0.639063 0.059375 0.087500
3 0.612500 0.495313 0.059375 0.087500
3 0.657813 0.512500 0.059375 0.087500
3 0.704688 0.285156 0.059375 0.070312
3 0.751563 0.310938 0.062500 0.075000
3 0.794531 0.320312 0.060938 0.090625
3 0.829688 0.350781 0.053125 0.076563
3 0.935938 0.420313 0.053125 0.078125
3 0.972656 0.429688 0.054688 0.084375
3 0.626563 0.684375 0.059375 0.087500
3 0.731250 0.739063 0.068750 0.087500
3 0.779688 0.762500 0.050000 0.068750
3 0.816406 0.785938 0.051563 0.068750
3 0.851562 0.801563 0.053125 0.071875
3 0.735938 0.559375 0.062500 0.075000
3 0.820312 0.595313 0.062500 0.075000
3 0.853906 0.617188 0.060938 0.071875
3 0.903125 0.637500 0.062500 0.075000
3 0.975781 0.685938 0.048438 0.078125
