0 0.150240 0.358173 0.103365 0.105769
0 0.213942 0.411058 0.129808 0.120192
0 0.268029 0.469952 0.137019 0.132212
0 0.554087 0.715144 0.103365 0.098558
0 0.646635 0.805288 0.096154 0.110577
0 0.704327 0.865385 0.100962 0.110577
0 0.777644 0.911058 0.093750 0.110577
0 0.027644 0.790865 0.055288 0.105769
0 0.075721 0.844952 0.122596 0.137019
0 0.222356 0.937500 0.117788 0.115385
0 0.286058 0.965144 0.096154 0.069712
0 0.084135 0.968750 0.091346 0.062500
0 0.027644 0.937500 0.055288 0.125000
0 0.151136 0.893029 0.119580 0.127404
