3 0.758594 0.295312 0.070312 0.084375
3 0.580469 0.190625 0.073438 0.071875
3 0.428906 0.044531 0.082812 0.082812
3 0.692969 0.092188 0.092188 0.087500
3 0.658594 0.112500 0.082812 0.075000
3 0.307031 0.466406 0.064062 0.070312
3 0.353906 0.485938 0.070312 0.075000
3 0.389844 0.498437 0.070312 0.075000
3 0.417187 0.523438 0.065625 0.071875
3 0.443750 0.543750 0.065625 0.071875
3 0.471875 0.568750 0.065625 0.071875
3 0.194531 0.652344 0.079687 0.073438
3 0.358594 0.688281 0.079687 0.073438
3 0.215625 0.735156 0.071875 0.076563
3 0.182812 0.806250 0.087500 0.056250
3 0.118750 0.853906 0.062500 0.067187
3 0.064062 0.810937 0.081250 0.075000
3 0.093750 0.770312 0.081250 0.075000
3 0.124219 0.739844 0.067187 0.057813
3 0.143750 0.706250 0.081250 0.075000
3 0.167969 0.685937 0.064062 0.056250
3 0.110156 0.639062 0.064062 0.056250
3 0.072656 0.664062 0.064062 0.056250
