3 0.446875 0.521875 0.062500 0.056250
3 0.296094 0.900781 0.051562 0.064062
3 0.718750 0.924219 0.078125 0.107813
3 0.459375 0.824219 0.056250 0.070312
3 0.684375 0.978125 0.046875 0.043750
3 0.817969 0.527344 0.057813 0.076563
3 0.442188 0.982812 0.046875 0.034375
3 0.329688 0.911719 0.062500 0.076563
3 0.670312 0.881250 0.053125 0.075000
3 0.357031 0.678125 0.076563 0.068750
3 0.857031 0.739844 0.067187 0.089063
3 0.414062 0.596094 0.059375 0.051562
3 0.612500 0.848437 0.046875 0.062500
3 0.741406 0.660937 0.057813 0.071875
3 0.312500 0.729688 0.068750 0.059375
3 0.484375 0.845313 0.056250 0.068750
