0 0.028906 0.590625 0.054688 0.031250
0 0.085156 0.987500 0.076563 0.025000
0 0.067969 0.917188 0.079687 0.037500
0 0.027344 0.553906 0.051562 0.039062
0 0.013281 0.385156 0.023438 0.042188
0 0.017188 0.967969 0.031250 0.039062
0 0.157031 0.256250 0.035937 0.062500
3 0.094531 0.067187 0.064062 0.037500
0 0.020313 0.466406 0.037500 0.042188
0 0.025781 0.505469 0.048438 0.042188
0 0.013281 0.921094 0.023438 0.042188
0 0.013281 0.882031 0.023438 0.042188
0 0.080469 0.956250 0.079687 0.037500
0 0.236719 0.671875 0.082812 0.040625
0 0.066406 0.877344 0.082812 0.039062
0 0.057031 0.836719 0.082812 0.039062
0 0.047656 0.794531 0.082812 0.039062
0 0.046094 0.751563 0.082812 0.040625
0 0.041406 0.710938 0.079687 0.040625
0 0.039062 0.674219 0.075000 0.035937
0 0.033594 0.632031 0.064062 0.039062
