3 0.772656 0.623437 0.054688 0.043750
3 0.760938 0.411719 0.050000 0.051562
3 0.379688 0.200000 0.056250 0.053125
3 0.758594 0.449219 0.054688 0.048438
3 0.721094 0.514844 0.064062 0.042188
3 0.054688 0.192188 0.053125 0.037500
3 0.361719 0.029687 0.054688 0.043750
3 0.867188 0.485938 0.056250 0.040625
3 0.152344 0.042969 0.057813 0.048438
3 0.703906 0.532813 0.070312 0.050000
3 0.590625 0.380469 0.059375 0.048438
3 0.818750 0.531250 0.056250 0.040625
3 0.120313 0.078125 0.053125 0.043750
3 0.028906 0.214062 0.051562 0.046875
3 0.607031 0.349219 0.057813 0.048438
3 0.164062 0.026562 0.050000 0.046875
3 0.847656 0.501563 0.051562 0.043750
3 0.974219 0.628125 0.048438 0.050000
3 0.304688 0.109375 0.065625 0.053125
3 0.488281 0.358594 0.060937 0.048438
3 0.855469 0.803125 0.048438 0.040625
3 0.812500 0.560156 0.056250 0.039062
3 0.798438 0.591406 0.050000 0.039062
3 0.572656 0.406250 0.060937 0.053125
3 0.546094 0.436719 0.064062 0.057813
3 0.624219 0.317188 0.064062 0.050000
3 0.018750 0.240625 0.034375 0.050000
3 0.719531 0.707812 0.057813 0.043750
3 0.525781 0.296094 0.067187 0.054688
3 0.750781 0.647656 0.060937 0.035937
3 0.740625 0.479687 0.059375 0.053125
3 0.541406 0.263281 0.057813 0.048438
3 0.915625 0.753906 0.059375 0.051562
3 0.877344 0.773438 0.054688 0.043750
3 0.733594 0.676562 0.057813 0.043750
