1 0.273438 0.049219 0.146875 0.095312
1 0.295312 0.092969 0.146875 0.104688
1 0.509375 0.110156 0.325000 0.217188
1 0.539844 0.173437 0.307812 0.231250
1 0.576562 0.232813 0.321875 0.193750
1 0.603125 0.285938 0.321875 0.193750
1 0.635938 0.348438 0.306250 0.209375
1 0.669531 0.400000 0.314063 0.203125
1 0.760156 0.581250 0.314063 0.203125
1 0.743750 0.450781 0.237500 0.157812
1 0.773438 0.502344 0.237500 0.157812
1 0.648438 0.726562 0.137500 0.112500
1 0.828125 0.714063 0.318750 0.200000
1 0.853125 0.771875 0.293750 0.196875
1 0.880469 0.889844 0.239063 0.157812
1 0.890625 0.942187 0.218750 0.115625
