3 0.735938 0.246094 0.084375 0.032813
3 0.584375 0.203125 0.065625 0.034375
3 0.016406 0.008594 0.029687 0.014063
3 0.817969 0.014063 0.067187 0.025000
3 0.592187 0.101562 0.071875 0.031250
3 0.083594 0.013281 0.039062 0.023438
3 0.114844 0.178906 0.035937 0.064062
3 0.749219 0.036719 0.064062 0.029687
3 0.967187 0.159375 0.059375 0.031250
3 0.808594 0.246094 0.079687 0.032813
3 0.582812 0.239063 0.065625 0.031250
3 0.585938 0.172656 0.065625 0.035937
3 0.971094 0.085938 0.057813 0.034375
3 0.590625 0.067187 0.065625 0.031250
3 0.961719 0.263281 0.064062 0.029687
3 0.960938 0.295312 0.056250 0.034375
3 0.146094 0.024219 0.042188 0.045312
3 0.737500 0.205469 0.081250 0.039062
3 0.743750 0.108594 0.062500 0.032813
3 0.821094 0.040625 0.067187 0.034375
3 0.845313 0.418750 0.037500 0.059375
3 0.967969 0.199219 0.064062 0.029687
3 0.585938 0.137500 0.071875 0.034375
3 0.969531 0.127344 0.060937 0.035937
3 0.180469 0.191406 0.045312 0.076563
3 0.191406 0.271094 0.045312 0.073438
3 0.214844 0.195312 0.045312 0.075000
3 0.879687 0.409375 0.034375 0.062500
3 0.816406 0.212500 0.067187 0.034375
3 0.821094 0.111719 0.076563 0.039062
3 0.019531 0.144531 0.035937 0.064062
3 0.046094 0.155469 0.035937 0.064062
3 0.078906 0.167969 0.035937 0.064062
3 0.032813 0.381250 0.040625 0.065625
3 0.093750 0.398438 0.040625 0.065625
3 0.159375 0.421875 0.040625 0.065625
3 0.746094 0.175000 0.070312 0.031250
3 0.675781 0.410938 0.029687 0.043750
3 0.216406 0.039062 0.035937 0.043750
