3 0.620313 0.529687 0.043750 0.062500
3 0.340625 0.985938 0.040625 0.028125
3 0.392969 0.333594 0.079687 0.082812
3 0.453125 0.708594 0.053125 0.060937
3 0.578125 0.524219 0.046875 0.054688
3 0.411719 0.497656 0.057813 0.070312
3 0.082812 0.859375 0.075000 0.037500
3 0.269531 0.983594 0.045312 0.032813
3 0.688281 0.613281 0.039062 0.073438
3 0.696875 0.542188 0.043750 0.075000
3 0.532031 0.725000 0.057813 0.062500
3 0.478906 0.292187 0.054688 0.062500
3 0.983594 0.651563 0.029687 0.075000
3 0.446094 0.014844 0.042188 0.026562
3 0.710938 0.393750 0.078125 0.078125
3 0.543750 0.518750 0.046875 0.065625
3 0.801562 0.630469 0.053125 0.073438
3 0.123438 0.598437 0.059375 0.031250
3 0.596875 0.750000 0.059375 0.062500
3 0.531250 0.584375 0.043750 0.068750
3 0.242188 0.978906 0.037500 0.042188
3 0.719531 0.332031 0.067187 0.064062
3 0.395313 0.276562 0.065625 0.065625
3 0.552344 0.957812 0.048438 0.075000
3 0.250000 0.921094 0.043750 0.076563
3 0.721875 0.617969 0.040625 0.067187
3 0.409375 0.012500 0.043750 0.021875
3 0.457813 0.356250 0.071875 0.068750
3 0.339844 0.553906 0.042188 0.067187
3 0.169531 0.328125 0.064062 0.034375
3 0.834375 0.424219 0.059375 0.060937
3 0.860938 0.357812 0.059375 0.062500
3 0.639062 0.315625 0.065625 0.059375
3 0.652344 0.744531 0.057813 0.057813
3 0.658594 0.981250 0.045312 0.034375
3 0.389062 0.492969 0.050000 0.067187
3 0.503125 0.425000 0.068750 0.053125
3 0.735938 0.754687 0.065625 0.059375
3 0.379688 0.564063 0.043750 0.075000
3 0.754687 0.338281 0.062500 0.060937
3 0.696875 0.982031 0.046875 0.035937
3 0.155469 0.431250 0.064062 0.034375
3 0.764844 0.633594 0.045312 0.067187
3 0.650000 0.606250 0.040625 0.068750
3 0.745313 0.397656 0.068750 0.070312
3 0.573438 0.596875 0.043750 0.075000
3 0.493750 0.366406 0.056250 0.060937
3 0.160938 0.358594 0.071875 0.039062
3 0.626563 0.382031 0.065625 0.070312
3 0.165625 0.392969 0.071875 0.035937
3 0.416406 0.566406 0.042188 0.073438
3 0.432031 0.500781 0.048438 0.076563
3 0.773438 0.765625 0.050000 0.056250
3 0.567969 0.733594 0.051562 0.057813
3 0.118750 0.634375 0.059375 0.034375
3 0.694531 0.749219 0.064062 0.060937
3 0.610156 0.606250 0.048438 0.075000
3 0.489844 0.577344 0.042188 0.070312
3 0.405469 0.707812 0.060937 0.065625
3 0.783594 0.411719 0.064062 0.070312
3 0.433594 0.282031 0.054688 0.060937
3 0.450781 0.957031 0.045312 0.073438
3 0.323437 0.692969 0.065625 0.067187
3 0.961719 0.544531 0.060937 0.057813
3 0.682031 0.321094 0.060937 0.064062
3 0.134375 0.565625 0.065625 0.037500
3 0.150000 0.463281 0.062500 0.035937
3 0.554688 0.304688 0.050000 0.056250
3 0.503125 0.513281 0.046875 0.070312
3 0.186719 0.219531 0.064062 0.035937
3 0.507031 0.300000 0.054688 0.059375
3 0.175000 0.292969 0.062500 0.035937
3 0.667188 0.535937 0.043750 0.075000
3 0.776563 0.553125 0.043750 0.075000
3 0.485938 0.716406 0.053125 0.060937
