1 0.294531 0.904687 0.067187 0.096875
1 0.915625 0.829688 0.059375 0.093750
0 0.857031 0.817187 0.051562 0.068750
3 0.369531 0.208594 0.060937 0.051562
4 0.132812 0.599219 0.065625 0.089063
1 0.204687 0.457813 0.115625 0.081250
3 0.018750 0.056250 0.034375 0.053125
0 0.976562 0.880469 0.043750 0.064062
3 0.203125 0.674219 0.056250 0.079687
0 0.947656 0.864844 0.048438 0.064062
3 0.276562 0.196875 0.043750 0.059375
3 0.104688 0.100000 0.050000 0.071875
3 0.310156 0.206250 0.042188 0.056250
3 0.043750 0.068750 0.040625 0.053125
3 0.133594 0.116406 0.042188 0.057813
3 0.163281 0.129688 0.042188 0.059375
3 0.072656 0.082812 0.039062 0.056250
3 0.246875 0.181250 0.043750 0.062500
3 0.216406 0.165625 0.042188 0.059375
3 0.192969 0.142969 0.042188 0.057813
4 0.834375 0.735156 0.062500 0.114062
4 0.068750 0.616406 0.053125 0.064062
