0 0.428906 0.021875 0.067187 0.040625
0 0.500000 0.221094 0.062500 0.045312
0 0.740625 0.013281 0.056250 0.023438
0 0.474219 0.151562 0.064062 0.046875
0 0.986719 0.674219 0.026562 0.045312
0 0.943750 0.955469 0.068750 0.048438
0 0.868750 0.321875 0.065625 0.046875
0 0.895312 0.397656 0.068750 0.042188
0 0.914062 0.878906 0.065625 0.048438
0 0.794531 0.121875 0.070312 0.046875
0 0.848437 0.729688 0.068750 0.046875
0 0.514063 0.257812 0.062500 0.046875
0 0.325000 0.146094 0.065625 0.048438
0 0.967188 0.152344 0.065625 0.048438
0 0.959375 0.982031 0.065625 0.035937
0 0.879687 0.804688 0.071875 0.050000
0 0.810938 0.158594 0.065625 0.048438
0 0.626562 0.103125 0.068750 0.050000
0 0.653906 0.653906 0.070312 0.048438
0 0.798437 0.582031 0.068750 0.045312
0 0.778906 0.082812 0.067187 0.046875
0 0.913281 0.435937 0.067187 0.046875
0 0.538281 0.330469 0.067187 0.045312
0 0.767969 0.945312 0.064062 0.046875
0 0.378906 0.298438 0.067187 0.043750
0 0.676562 0.266406 0.071875 0.048438
0 0.596094 0.025000 0.070312 0.043750
0 0.458594 0.110156 0.067187 0.048438
0 0.403906 0.373437 0.064062 0.043750
0 0.746094 0.429688 0.067187 0.046875
0 0.434375 0.037500 0.068750 0.046875
0 0.785156 0.977344 0.064062 0.039062
0 0.758594 0.466406 0.067187 0.045312
0 0.656250 0.183594 0.068750 0.048438
0 0.978906 0.627344 0.042188 0.045312
0 0.632812 0.581250 0.068750 0.050000
0 0.489062 0.188281 0.065625 0.048438
0 0.923437 0.917969 0.068750 0.048438
0 0.364062 0.258594 0.065625 0.042188
0 0.526563 0.293750 0.065625 0.046875
0 0.863281 0.767969 0.067187 0.048438
0 0.711719 0.794531 0.067187 0.048438
0 0.592188 0.476562 0.065625 0.046875
0 0.833594 0.692969 0.070312 0.048438
0 0.669531 0.690625 0.067187 0.046875
0 0.897656 0.842969 0.070312 0.048438
0 0.392969 0.338281 0.064062 0.045312
0 0.784375 0.544531 0.068750 0.048438
0 0.880469 0.359375 0.067187 0.043750
0 0.764063 0.046875 0.065625 0.046875
0 0.685156 0.723437 0.067187 0.046875
0 0.305469 0.086719 0.067187 0.048438
0 0.604688 0.512500 0.065625 0.043750
0 0.810938 0.617969 0.068750 0.045312
0 0.289062 0.042969 0.068750 0.045312
0 0.727344 0.832031 0.067187 0.045312
