3 0.828906 0.016406 0.045312 0.029687
3 0.988281 0.015625 0.023438 0.028125
3 0.757031 0.197656 0.039062 0.079687
3 0.621094 0.028125 0.048438 0.053125
3 0.349219 0.224219 0.035937 0.079687
3 0.430469 0.222656 0.039062 0.076563
3 0.677344 0.196875 0.039062 0.075000
3 0.553125 0.207813 0.037500 0.081250
3 0.128906 0.046875 0.042188 0.087500
3 0.749219 0.020313 0.039062 0.037500
3 0.922656 0.180469 0.042188 0.082812
3 0.226562 0.235937 0.037500 0.075000
3 0.335156 0.034375 0.035937 0.065625
3 0.501563 0.030469 0.037500 0.057813
3 0.379688 0.033594 0.034375 0.064062
3 0.801562 0.193750 0.037500 0.078125
3 0.665625 0.022656 0.037500 0.042188
3 0.511719 0.213281 0.039062 0.082812
3 0.296875 0.037500 0.037500 0.071875
3 0.870313 0.013281 0.046875 0.023438
3 0.839844 0.189844 0.045312 0.092188
3 0.635938 0.207031 0.034375 0.073438
3 0.173437 0.046094 0.037500 0.076563
3 0.457031 0.032031 0.032813 0.057813
3 0.145313 0.250781 0.040625 0.079687
3 0.419531 0.032813 0.035937 0.062500
3 0.721094 0.198437 0.035937 0.078125
3 0.189062 0.253906 0.037500 0.073438
3 0.542969 0.028125 0.039062 0.053125
3 0.309375 0.225000 0.037500 0.084375
3 0.706250 0.024219 0.043750 0.045312
3 0.792969 0.021875 0.042188 0.040625
3 0.264844 0.226562 0.035937 0.075000
3 0.470313 0.225000 0.037500 0.081250
3 0.592187 0.207031 0.034375 0.073438
3 0.384375 0.228125 0.034375 0.075000
3 0.970313 0.179688 0.037500 0.071875
3 0.209375 0.039062 0.037500 0.075000
