1 0.334375 0.138281 0.059375 0.120313
2 0.393750 0.164844 0.059375 0.092188
2 0.453906 0.173437 0.057813 0.093750
2 0.639844 0.197656 0.060937 0.098437
3 0.675781 0.806250 0.042188 0.093750
3 0.305469 0.540625 0.095312 0.050000
3 0.098437 0.505469 0.071875 0.045312
3 0.287500 0.735938 0.037500 0.075000
3 0.332813 0.745313 0.037500 0.075000
3 0.376563 0.754687 0.037500 0.075000
3 0.458594 0.764844 0.042188 0.079687
3 0.931250 0.960156 0.040625 0.079687
3 0.218750 0.910156 0.040625 0.079687
3 0.306250 0.917969 0.040625 0.079687
3 0.390625 0.932031 0.040625 0.079687
3 0.432812 0.941406 0.040625 0.079687
3 0.559375 0.960156 0.040625 0.079687
3 0.645312 0.965625 0.040625 0.068750
3 0.688281 0.971094 0.042188 0.057813
3 0.726562 0.975000 0.043750 0.050000
3 0.771094 0.983594 0.035937 0.032813
3 0.588281 0.770312 0.042188 0.078125
3 0.243750 0.726562 0.037500 0.075000
3 0.343750 0.927344 0.040625 0.079687
3 0.470313 0.933594 0.040625 0.079687
3 0.512500 0.942969 0.040625 0.079687
3 0.737500 0.885156 0.078125 0.045312
3 0.254688 0.975000 0.040625 0.050000
3 0.296094 0.985938 0.045312 0.028125
