1 0.706250 0.063281 0.071875 0.085938
0 0.748437 0.028125 0.062500 0.053125
1 0.695312 0.735938 0.093750 0.084375
1 0.400781 0.371875 0.085938 0.087500
1 0.425781 0.406250 0.092188 0.084375
0 0.949219 0.607031 0.073438 0.076563
0 0.931250 0.018750 0.062500 0.034375
1 0.728906 0.153906 0.089063 0.085938
0 0.578125 0.161719 0.062500 0.067187
1 0.910156 0.309375 0.073438 0.084375
0 0.169531 0.169531 0.070312 0.067187
4 0.356250 0.316406 0.100000 0.092188
1 0.129688 0.053906 0.140625 0.104688
0 0.909375 0.632031 0.059375 0.073438
0 0.549219 0.529687 0.076563 0.068750
4 0.275781 0.237500 0.104688 0.090625
0 0.580469 0.562500 0.079687 0.068750
0 0.519531 0.496094 0.073438 0.067187
1 0.964063 0.254688 0.068750 0.087500
1 0.823438 0.354687 0.087500 0.087500
