3 0.367188 0.073438 0.040625 0.059375
3 0.583594 0.186719 0.073438 0.079687
3 0.947656 0.525781 0.048438 0.057813
3 0.910937 0.537500 0.053125 0.056250
3 0.787500 0.789062 0.043750 0.071875
3 0.732812 0.870313 0.037500 0.071875
3 0.455469 0.039844 0.045312 0.060937
3 0.721094 0.665625 0.064062 0.062500
3 0.902344 0.394531 0.035937 0.067187
3 0.480469 0.439844 0.035937 0.064062
3 0.504687 0.206250 0.068750 0.071875
3 0.850000 0.846094 0.037500 0.064062
3 0.435937 0.457813 0.037500 0.068750
3 0.748437 0.417187 0.040625 0.071875
3 0.804688 0.340625 0.046875 0.081250
3 0.735938 0.981250 0.078125 0.031250
3 0.823438 0.403125 0.040625 0.068750
3 0.881250 0.328906 0.037500 0.070312
3 0.870313 0.766406 0.031250 0.064062
3 0.192969 0.971094 0.035937 0.054688
3 0.866406 0.177344 0.054688 0.057813
3 0.563281 0.417969 0.039062 0.073438
3 0.445312 0.282031 0.062500 0.060937
3 0.846875 0.332031 0.034375 0.060937
3 0.738281 0.206250 0.060937 0.062500
3 0.161719 0.977344 0.032813 0.045312
3 0.925781 0.089844 0.054688 0.057813
3 0.399219 0.296094 0.064062 0.057813
3 0.887500 0.100000 0.056250 0.059375
3 0.896875 0.161719 0.050000 0.054688
3 0.958594 0.587500 0.064062 0.068750
3 0.982031 0.960156 0.035937 0.057813
3 0.926562 0.835156 0.034375 0.067187
3 0.683594 0.384375 0.039062 0.068750
3 0.984375 0.733594 0.028125 0.067187
3 0.517188 0.267188 0.059375 0.059375
3 0.978125 0.513281 0.043750 0.064062
3 0.972656 0.809375 0.035937 0.068750
3 0.943750 0.379688 0.037500 0.071875
3 0.983594 0.369531 0.029687 0.057813
3 0.672656 0.226562 0.064062 0.062500
3 0.554688 0.710938 0.068750 0.065625
3 0.943750 0.157031 0.056250 0.060937
3 0.901563 0.760938 0.034375 0.065625
3 0.773438 0.859375 0.037500 0.071875
3 0.520312 0.426563 0.046875 0.084375
3 0.571094 0.927344 0.042188 0.070312
3 0.950781 0.739844 0.035937 0.067187
3 0.610938 0.021094 0.040625 0.039062
3 0.408594 0.202344 0.054688 0.064062
3 0.232031 0.128125 0.054688 0.084375
3 0.535937 0.186719 0.056250 0.060937
3 0.928125 0.605469 0.053125 0.057813
3 0.885156 0.846094 0.035937 0.070312
3 0.756250 0.650781 0.059375 0.057813
3 0.646875 0.392188 0.040625 0.065625
3 0.860938 0.403906 0.034375 0.067187
3 0.536719 0.503125 0.042188 0.065625
3 0.570312 0.022656 0.037500 0.042188
3 0.886719 0.617969 0.060937 0.064062
3 0.604688 0.402344 0.040625 0.067187
3 0.466406 0.267969 0.064062 0.067187
3 0.810937 0.851562 0.034375 0.068750
3 0.732812 0.139063 0.062500 0.062500
3 0.683594 0.679688 0.064062 0.062500
3 0.753125 0.589844 0.062500 0.060937
3 0.467969 0.208594 0.054688 0.064062
3 0.829688 0.785937 0.043750 0.071875
3 0.839844 0.616406 0.060937 0.064062
3 0.785937 0.414062 0.040625 0.071875
3 0.964844 0.313281 0.042188 0.073438
3 0.921094 0.322656 0.042188 0.073438
3 0.955469 0.071094 0.054688 0.057813
3 0.413281 0.048438 0.042188 0.059375
