3 0.617188 0.112500 0.059375 0.056250
3 0.653906 0.100000 0.057813 0.059375
3 0.332031 0.682031 0.051562 0.051562
3 0.499219 0.378906 0.039062 0.060937
3 0.348437 0.594531 0.056250 0.060937
3 0.309375 0.606250 0.059375 0.059375
3 0.660156 0.572656 0.060937 0.060937
3 0.246094 0.378125 0.045312 0.065625
3 0.067187 0.257031 0.059375 0.051562
3 0.848437 0.044531 0.053125 0.057813
3 0.216406 0.217187 0.060937 0.059375
3 0.438281 0.333594 0.045312 0.067187
3 0.553906 0.297656 0.045312 0.073438
3 0.808594 0.054688 0.054688 0.062500
3 0.425000 0.579687 0.062500 0.062500
3 0.151562 0.242188 0.065625 0.062500
3 0.830469 0.798437 0.070312 0.046875
3 0.880469 0.033594 0.048438 0.054688
3 0.108594 0.250781 0.064062 0.057813
