3 0.207813 0.274219 0.071875 0.067187
3 0.527344 0.231250 0.064062 0.062500
3 0.124219 0.892969 0.073438 0.073438
3 0.206250 0.865625 0.068750 0.068750
3 0.567187 0.271094 0.075000 0.070312
3 0.434375 0.129688 0.056250 0.062500
3 0.568750 0.609375 0.062500 0.062500
3 0.151562 0.908594 0.071875 0.079687
3 0.452344 0.396875 0.067187 0.062500
3 0.227344 0.878906 0.067187 0.064062
3 0.156250 0.804688 0.059375 0.059375
3 0.601562 0.297656 0.056250 0.060937
3 0.452344 0.153906 0.054688 0.057813
3 0.075000 0.841406 0.078125 0.070312
3 0.497656 0.886719 0.076563 0.070312
3 0.087500 0.383594 0.065625 0.064062
3 0.895312 0.929688 0.065625 0.062500
3 0.779687 0.171875 0.056250 0.059375
3 0.846094 0.883594 0.060937 0.057813
3 0.051562 0.370312 0.056250 0.062500
3 0.429688 0.480469 0.059375 0.054688
3 0.275000 0.683594 0.065625 0.067187
3 0.181250 0.930469 0.056250 0.060937
3 0.501563 0.207031 0.059375 0.054688
3 0.568750 0.608594 0.062500 0.064062
3 0.571094 0.862500 0.064062 0.062500
3 0.478125 0.178125 0.059375 0.056250
3 0.017188 0.767188 0.031250 0.071875
3 0.017969 0.426563 0.032813 0.062500
3 0.011719 0.174219 0.020313 0.057813
3 0.182031 0.481250 0.057813 0.056250
3 0.378125 0.435156 0.062500 0.060937
3 0.542969 0.247656 0.070312 0.070312
3 0.779687 0.172656 0.056250 0.057813
3 0.051562 0.819531 0.062500 0.064062
3 0.407031 0.352344 0.060937 0.057813
3 0.085938 0.735156 0.059375 0.057813
3 0.301563 0.606250 0.068750 0.065625
3 0.223438 0.290625 0.071875 0.068750
3 0.107031 0.050781 0.067187 0.057813
3 0.039844 0.334375 0.067187 0.071875
3 0.640625 0.932031 0.068750 0.060937
3 0.330469 0.975000 0.064062 0.050000
3 0.629687 0.323437 0.056250 0.059375
3 0.197656 0.512500 0.060937 0.056250
3 0.137500 0.778906 0.059375 0.060937
3 0.152344 0.563281 0.060937 0.057813
3 0.019531 0.662500 0.035937 0.065625
3 0.514844 0.808594 0.067187 0.064062
3 0.339062 0.074219 0.065625 0.073438
3 0.079687 0.497656 0.071875 0.070312
3 0.910156 0.034375 0.060937 0.056250
3 0.159375 0.457813 0.062500 0.062500
3 0.028906 0.791406 0.051562 0.070312
3 0.393750 0.104688 0.062500 0.065625
3 0.078906 0.070312 0.070312 0.068750
3 0.105469 0.764844 0.054688 0.054688
3 0.621875 0.664844 0.068750 0.060937
3 0.283594 0.237500 0.051562 0.056250
3 0.349219 0.306250 0.057813 0.056250
3 0.030469 0.689063 0.057813 0.062500
3 0.493750 0.789062 0.075000 0.065625
3 0.177344 0.590625 0.060937 0.056250
3 0.325000 0.389844 0.062500 0.060937
3 0.692969 0.734375 0.073438 0.068750
3 0.317969 0.038281 0.070312 0.070312
3 0.271875 0.938281 0.062500 0.060937
3 0.035156 0.451562 0.060937 0.062500
3 0.264844 0.349219 0.064062 0.060937
3 0.197656 0.620313 0.064062 0.056250
3 0.103125 0.515625 0.062500 0.062500
3 0.305469 0.257812 0.060937 0.059375
3 0.051562 0.714063 0.062500 0.059375
3 0.378906 0.330469 0.060937 0.057813
3 0.226562 0.533594 0.065625 0.064062
3 0.155469 0.018750 0.057813 0.034375
3 0.732031 0.228125 0.057813 0.059375
3 0.295312 0.957031 0.062500 0.060937
3 0.035156 0.118750 0.067187 0.068750
3 0.154688 0.221094 0.059375 0.057813
3 0.660937 0.711719 0.071875 0.067187
3 0.278125 0.585938 0.065625 0.062500
3 0.435937 0.822656 0.071875 0.076563
3 0.231250 0.185156 0.056250 0.057813
3 0.330469 0.631250 0.057813 0.056250
3 0.128906 0.542969 0.064062 0.060937
3 0.199219 0.165625 0.054688 0.056250
3 0.616406 0.907813 0.064062 0.062500
3 0.882031 0.021875 0.051562 0.040625
3 0.548438 0.938281 0.062500 0.054688
3 0.253125 0.669531 0.065625 0.067187
3 0.177344 0.242969 0.048438 0.051562
3 0.111719 0.412500 0.064062 0.065625
