3 0.769531 0.164844 0.054688 0.032813
3 0.481250 0.593750 0.056250 0.065625
3 0.718750 0.327344 0.050000 0.057813
3 0.331250 0.475000 0.046875 0.065625
3 0.242969 0.507031 0.042188 0.067187
3 0.479687 0.421875 0.040625 0.059375
3 0.697656 0.515625 0.042188 0.062500
3 0.446875 0.433594 0.043750 0.060937
3 0.668750 0.527344 0.037500 0.060937
3 0.320312 0.657031 0.040625 0.060937
3 0.788281 0.056250 0.045312 0.031250
3 0.540625 0.392188 0.050000 0.084375
3 0.507031 0.577344 0.045312 0.060937
3 0.350000 0.466406 0.040625 0.064062
3 0.784375 0.088281 0.050000 0.029687
3 0.312500 0.483594 0.040625 0.067187
3 0.574219 0.378906 0.051562 0.076563
3 0.379688 0.451562 0.043750 0.065625
3 0.730469 0.510156 0.039062 0.060937
3 0.221094 0.693750 0.051562 0.068750
3 0.757031 0.317969 0.045312 0.064062
3 0.635938 0.534375 0.040625 0.065625
3 0.581250 0.559375 0.040625 0.059375
3 0.417187 0.442969 0.043750 0.067187
3 0.288281 0.666406 0.039062 0.067187
3 0.545312 0.574219 0.043750 0.064062
3 0.283594 0.496094 0.045312 0.064062
3 0.355469 0.641406 0.042188 0.060937
3 0.382812 0.626563 0.043750 0.059375
3 0.212500 0.509375 0.043750 0.071875
3 0.448437 0.600781 0.046875 0.070312
