1 0.575000 0.285156 0.168750 0.292187
1 0.065625 0.442969 0.068750 0.095312
4 0.139844 0.156250 0.073438 0.128125
1 0.581250 0.681250 0.075000 0.103125
4 0.441406 0.307812 0.076563 0.121875
1 0.793750 0.473438 0.090625 0.128125
4 0.223438 0.225000 0.062500 0.093750
2 0.642188 0.704688 0.065625 0.093750
1 0.510156 0.282813 0.126562 0.212500
4 0.183594 0.187500 0.076563 0.121875
4 0.096875 0.133594 0.087500 0.142187
4 0.271875 0.250781 0.065625 0.098437
4 0.051562 0.121094 0.071875 0.120313
0 0.226562 0.500000 0.056250 0.075000
0 0.826562 0.789062 0.053125 0.071875
0 0.114062 0.446094 0.056250 0.079687
1 0.635156 0.313281 0.160938 0.276562
0 0.293750 0.670312 0.043750 0.056250
0 0.153906 0.460938 0.054688 0.075000
0 0.873437 0.810937 0.053125 0.068750
1 0.660937 0.406250 0.096875 0.140625
0 0.266406 0.517188 0.054688 0.075000
0 0.692187 0.726562 0.056250 0.078125
0 0.347656 0.555469 0.057813 0.073438
0 0.305469 0.535937 0.057813 0.078125
0 0.735938 0.744531 0.056250 0.073438
1 0.887500 0.522656 0.078125 0.129688
4 0.619531 0.022656 0.067187 0.042188
