3 0.589844 0.207813 0.070312 0.075000
3 0.216406 0.014063 0.089063 0.025000
3 0.552344 0.932813 0.054688 0.062500
3 0.528906 0.914062 0.057813 0.065625
3 0.608594 0.973437 0.064062 0.050000
3 0.217188 0.874219 0.068750 0.064062
3 0.446875 0.846094 0.059375 0.064062
3 0.396875 0.801562 0.059375 0.068750
3 0.331250 0.975000 0.062500 0.046875
3 0.428125 0.831250 0.062500 0.062500
3 0.384375 0.774219 0.050000 0.064062
3 0.474219 0.868750 0.060937 0.068750
3 0.187500 0.854688 0.062500 0.059375
3 0.502344 0.895312 0.057813 0.065625
3 0.328906 0.739844 0.057813 0.060937
3 0.587500 0.960938 0.059375 0.059375
3 0.283594 0.942969 0.048438 0.054688
3 0.260156 0.921094 0.054688 0.057813
3 0.307031 0.963281 0.057813 0.054688
3 0.442969 0.418750 0.057813 0.065625
3 0.570312 0.167187 0.056250 0.056250
3 0.600000 0.245312 0.065625 0.068750
3 0.623437 0.275000 0.059375 0.059375
