0 0.397656 0.430469 0.085938 0.079687
0 0.664062 0.336719 0.078125 0.073438
0 0.784375 0.213281 0.078125 0.073438
1 0.189062 0.138281 0.084375 0.101562
1 0.134375 0.207031 0.084375 0.101562
1 0.093750 0.263281 0.084375 0.101562
1 0.027344 0.317188 0.051562 0.090625
1 0.631250 0.792969 0.084375 0.101562
0 0.419531 0.981250 0.054688 0.037500
1 0.682031 0.759375 0.098437 0.103125
1 0.707031 0.721094 0.092188 0.095312
1 0.749219 0.693750 0.095312 0.096875
4 0.962500 0.467187 0.075000 0.109375
1 0.846875 0.031250 0.100000 0.059375
