2 0.720313 0.327344 0.112500 0.051562
2 0.964844 0.332813 0.070312 0.050000
2 0.950781 0.391406 0.098437 0.057813
2 0.951562 0.447656 0.096875 0.057813
2 0.950781 0.507812 0.098437 0.059375
2 0.713281 0.492969 0.114062 0.057813
2 0.123438 0.539062 0.112500 0.059375
2 0.601562 0.380469 0.109375 0.051562
2 0.834375 0.442969 0.112500 0.051562
2 0.714844 0.441406 0.110937 0.054688
2 0.485156 0.437500 0.110937 0.056250
2 0.722656 0.379688 0.110937 0.053125
2 0.827344 0.498437 0.107813 0.056250
2 0.599219 0.440625 0.104688 0.053125
2 0.600781 0.321875 0.107813 0.053125
2 0.032813 0.537500 0.062500 0.056250
2 0.366406 0.434375 0.114062 0.056250
2 0.480469 0.316406 0.110937 0.054688
2 0.244531 0.488281 0.110937 0.054688
2 0.839844 0.328906 0.110937 0.054688
2 0.835938 0.386719 0.109375 0.057813
2 0.482031 0.374219 0.107813 0.057813
2 0.368750 0.314063 0.115625 0.053125
2 0.125781 0.484375 0.110937 0.056250
2 0.600000 0.492969 0.109375 0.051562
2 0.366406 0.373437 0.110937 0.056250
2 0.034375 0.484375 0.065625 0.050000
2 0.125781 0.432812 0.107813 0.053125
2 0.121094 0.310156 0.114062 0.054688
2 0.122656 0.367188 0.110937 0.053125
2 0.246875 0.433594 0.112500 0.054688
2 0.243750 0.367188 0.109375 0.053125
2 0.246094 0.310937 0.110937 0.056250
2 0.250781 0.542969 0.110937 0.054688
2 0.366406 0.492969 0.110937 0.054688
2 0.485156 0.496094 0.110937 0.054688
4 0.529687 0.710156 0.075000 0.139063
4 0.465625 0.710156 0.075000 0.139063
4 0.403125 0.711719 0.075000 0.139063
4 0.339062 0.711719 0.075000 0.139063
4 0.290625 0.703906 0.075000 0.139063
4 0.237500 0.708594 0.075000 0.139063
4 0.173437 0.714844 0.075000 0.139063
4 0.101562 0.714844 0.075000 0.139063
4 0.038281 0.714844 0.073438 0.139063
