3 0.516406 0.435937 0.060937 0.090625
3 0.917969 0.478906 0.060937 0.051562
3 0.735938 0.151562 0.065625 0.053125
3 0.427344 0.491406 0.051562 0.070312
3 0.271875 0.573438 0.059375 0.078125
3 0.793750 0.277344 0.065625 0.057813
3 0.972656 0.117969 0.054688 0.051562
3 0.578125 0.408594 0.053125 0.076563
3 0.528125 0.687500 0.046875 0.068750
3 0.942187 0.050781 0.065625 0.051562
3 0.832031 0.329688 0.076563 0.068750
3 0.717187 0.122656 0.071875 0.057813
3 0.955469 0.084375 0.070312 0.053125
3 0.549219 0.424219 0.057813 0.079687
3 0.938281 0.508594 0.060937 0.051562
