3 0.578125 0.632031 0.062500 0.082812
3 0.680469 0.674219 0.067187 0.092188
3 0.725000 0.716406 0.071875 0.085938
3 0.766406 0.744531 0.070312 0.079687
3 0.549219 0.900000 0.079687 0.103125
3 0.477344 0.857031 0.079687 0.104688
3 0.121875 0.712500 0.065625 0.096875
3 0.060156 0.685156 0.067187 0.101562
3 0.561719 0.306250 0.070312 0.090625
3 0.669531 0.337500 0.064062 0.087500
3 0.719531 0.364844 0.060937 0.079687
3 0.789844 0.386719 0.067187 0.110937
3 0.828125 0.410938 0.068750 0.087500
3 0.216406 0.167969 0.076563 0.110937
3 0.171094 0.148438 0.057813 0.087500
3 0.130469 0.135937 0.064062 0.087500
3 0.048438 0.106250 0.065625 0.084375
3 0.019531 0.082812 0.035937 0.081250
3 0.921094 0.432812 0.070312 0.106250
