1 0.026562 0.779687 0.050000 0.068750
3 0.753125 0.988281 0.040625 0.023438
3 0.939063 0.905469 0.046875 0.067187
3 0.988281 0.050000 0.023438 0.056250
3 0.878125 0.713281 0.043750 0.064062
3 0.977344 0.025000 0.042188 0.046875
3 0.907813 0.691406 0.046875 0.064062
1 0.034375 0.835156 0.065625 0.076563
3 0.845313 0.728125 0.046875 0.065625
3 0.972656 0.878125 0.048438 0.075000
1 0.093750 0.738281 0.103125 0.073438
1 0.121875 0.782031 0.093750 0.076563
0 0.229687 0.929688 0.059375 0.050000
3 0.935156 0.671094 0.045312 0.064062
0 0.209375 0.896094 0.059375 0.051562
1 0.063281 0.707031 0.114062 0.089063
