3 0.720313 0.050000 0.062500 0.037500
3 0.533594 0.146094 0.054688 0.032813
3 0.562500 0.014844 0.059375 0.026562
3 0.488281 0.023438 0.060937 0.034375
3 0.545312 0.076563 0.062500 0.031250
3 0.303125 0.040625 0.062500 0.037500
3 0.559375 0.044531 0.059375 0.035937
3 0.803125 0.028906 0.068750 0.035937
3 0.298438 0.068750 0.065625 0.037500
3 0.467187 0.092969 0.062500 0.032813
3 0.267188 0.203906 0.059375 0.035937
3 0.729688 0.016406 0.062500 0.029687
3 0.469531 0.057031 0.064062 0.039062
3 0.085938 0.925000 0.043750 0.081250
3 0.532031 0.112500 0.064062 0.037500
3 0.384375 0.451562 0.043750 0.068750
3 0.429688 0.224219 0.075000 0.042188
3 0.436719 0.186719 0.070312 0.045312
3 0.278906 0.137500 0.073438 0.043750
3 0.350000 0.434375 0.043750 0.068750
3 0.239063 0.344531 0.059375 0.035937
3 0.709375 0.112500 0.062500 0.037500
3 0.292187 0.100000 0.062500 0.037500
