3 0.067187 0.129688 0.050000 0.121875
3 0.125000 0.248438 0.040625 0.103125
3 0.125000 0.249219 0.040625 0.101562
3 0.170313 0.253906 0.040625 0.095312
3 0.911719 0.350781 0.092188 0.048438
3 0.027344 0.022656 0.042188 0.042188
4 0.801562 0.289844 0.053125 0.154688
3 0.089844 0.025781 0.042188 0.048438
0 0.406250 0.728125 0.034375 0.084375
1 0.061719 0.264844 0.042188 0.101562
0 0.118750 0.532813 0.128125 0.046875
4 0.642969 0.286719 0.057813 0.157812
0 0.557031 0.713281 0.039062 0.079687
0 0.627344 0.756250 0.039062 0.081250
0 0.487500 0.735938 0.037500 0.081250
4 0.736719 0.298438 0.045312 0.096875
