0 0.952344 0.674219 0.076563 0.039062
0 0.831250 0.485156 0.053125 0.070312
0 0.789844 0.564844 0.054688 0.073438
0 0.482812 0.843750 0.050000 0.071875
0 0.526563 0.875000 0.056250 0.065625
3 0.703125 0.171875 0.075000 0.046875
3 0.782813 0.667969 0.040625 0.079687
0 0.565625 0.895312 0.053125 0.071875
0 0.603125 0.912500 0.056250 0.071875
4 0.845313 0.765625 0.050000 0.087500
0 0.968750 0.016406 0.040625 0.029687
0 0.860938 0.411719 0.053125 0.070312
0 0.890625 0.336719 0.053125 0.070312
0 0.914062 0.252344 0.053125 0.070312
0 0.934375 0.177344 0.053125 0.076563
0 0.954688 0.083594 0.053125 0.076563
