3 0.083594 0.278125 0.029687 0.053125
3 0.047656 0.368750 0.032813 0.056250
3 0.376563 0.115625 0.031250 0.062500
3 0.090625 0.119531 0.031250 0.064062
3 0.414062 0.116406 0.028125 0.057813
3 0.596875 0.275000 0.028125 0.059375
3 0.121094 0.277344 0.026562 0.045312
3 0.849219 0.105469 0.032813 0.057813
3 0.460156 0.271094 0.029687 0.076563
3 0.010937 0.130469 0.018750 0.079687
3 0.223438 0.357812 0.034375 0.071875
3 0.807031 0.274219 0.032813 0.060937
3 0.700781 0.345313 0.032813 0.062500
3 0.732812 0.276562 0.034375 0.059375
3 0.508594 0.508594 0.032813 0.060937
3 0.016406 0.275781 0.026562 0.054688
3 0.839844 0.282031 0.032813 0.070312
3 0.196094 0.122656 0.032813 0.060937
3 0.015625 0.367188 0.025000 0.059375
3 0.560156 0.348438 0.029687 0.056250
3 0.917188 0.114844 0.028125 0.064062
3 0.547656 0.114062 0.032813 0.059375
3 0.152344 0.278906 0.029687 0.057813
3 0.425000 0.278125 0.031250 0.062500
3 0.560156 0.278906 0.032813 0.060937
3 0.767188 0.342969 0.034375 0.067187
3 0.128125 0.121094 0.034375 0.064062
3 0.706250 0.114062 0.034375 0.062500
3 0.780469 0.103906 0.032813 0.057813
3 0.885938 0.107813 0.034375 0.068750
3 0.473438 0.516406 0.034375 0.064062
3 0.427344 0.349219 0.032813 0.073438
3 0.525781 0.272656 0.026562 0.070312
3 0.526563 0.346875 0.031250 0.059375
3 0.696094 0.509375 0.035937 0.059375
3 0.154688 0.358594 0.031250 0.057813
3 0.744531 0.114844 0.032813 0.064062
3 0.496875 0.273438 0.028125 0.065625
3 0.948438 0.113281 0.034375 0.064062
3 0.119531 0.355469 0.032813 0.064062
3 0.187500 0.275000 0.028125 0.059375
3 0.770312 0.269531 0.031250 0.060937
3 0.962500 0.514062 0.034375 0.078125
3 0.460938 0.348438 0.031250 0.062500
3 0.596875 0.352344 0.028125 0.057813
3 0.635938 0.110937 0.031250 0.056250
3 0.162500 0.746875 0.062500 0.028125
3 0.232813 0.119531 0.031250 0.060937
3 0.803906 0.344531 0.032813 0.073438
3 0.057813 0.123438 0.034375 0.062500
3 0.084375 0.355469 0.037500 0.076563
3 0.628906 0.276562 0.032813 0.059375
3 0.602344 0.116406 0.032813 0.064062
3 0.267969 0.121094 0.032813 0.067187
3 0.667188 0.348438 0.031250 0.065625
3 0.814063 0.107031 0.034375 0.064062
3 0.494531 0.347656 0.029687 0.064062
3 0.439063 0.517969 0.034375 0.067187
3 0.929688 0.517188 0.034375 0.078125
3 0.732031 0.345313 0.032813 0.062500
3 0.218750 0.516406 0.034375 0.067187
3 0.450781 0.685156 0.073438 0.035937
3 0.703125 0.278125 0.034375 0.059375
3 0.664062 0.268750 0.034375 0.059375
3 0.223438 0.281250 0.028125 0.059375
3 0.346875 0.125000 0.031250 0.062500
3 0.446875 0.112500 0.031250 0.062500
3 0.473438 0.112500 0.031250 0.062500
3 0.514844 0.110937 0.032813 0.059375
3 0.672656 0.111719 0.032813 0.076563
3 0.542969 0.511719 0.032813 0.060937
3 0.596094 0.516406 0.032813 0.060937
3 0.632031 0.517969 0.032813 0.060937
3 0.185156 0.353906 0.035937 0.064062
3 0.047656 0.267969 0.026562 0.054688
3 0.783594 0.921094 0.051562 0.064062
