0 0.963281 0.420312 0.039062 0.078125
0 0.796094 0.899219 0.035937 0.076563
0 0.451562 0.892969 0.037500 0.076563
0 0.896094 0.703125 0.035937 0.068750
0 0.310937 0.960156 0.040625 0.076563
0 0.860938 0.704688 0.037500 0.075000
4 0.368750 0.946875 0.046875 0.106250
0 0.950000 0.893750 0.040625 0.081250
1 0.875000 0.413281 0.053125 0.104688
4 0.414844 0.945312 0.045312 0.106250
0 0.839844 0.900781 0.035937 0.073438
0 0.922656 0.628906 0.039062 0.076563
1 0.196875 0.470313 0.043750 0.096875
1 0.693750 0.383594 0.046875 0.095312
1 0.500000 0.403906 0.046875 0.129688
0 0.767969 0.671875 0.042188 0.075000
1 0.671875 0.922656 0.043750 0.092188
1 0.815625 0.660937 0.053125 0.140625
1 0.549219 0.401562 0.051562 0.125000
0 0.877344 0.632812 0.039062 0.075000
1 0.759375 0.921875 0.037500 0.087500
0 0.970313 0.620313 0.043750 0.071875
1 0.629687 0.932813 0.043750 0.090625
1 0.327344 0.457031 0.042188 0.110937
1 0.650000 0.389062 0.043750 0.093750
1 0.053125 0.455469 0.046875 0.151562
1 0.579688 0.935156 0.043750 0.085938
0 0.890625 0.892188 0.043750 0.084375
1 0.381250 0.445312 0.050000 0.140625
1 0.717969 0.924219 0.042188 0.092188
1 0.137500 0.456250 0.053125 0.140625
1 0.529687 0.628906 0.118750 0.042188
1 0.594531 0.396875 0.045312 0.103125
1 0.443750 0.446094 0.050000 0.145313
0 0.917969 0.363281 0.042188 0.073438
0 0.925781 0.433594 0.042188 0.073438
0 0.739062 0.382031 0.037500 0.076563
0 0.781250 0.382031 0.037500 0.076563
