2 0.650781 0.963281 0.110937 0.060937
2 0.875000 0.971875 0.115625 0.056250
2 0.759375 0.914062 0.112500 0.056250
2 0.637500 0.352344 0.059375 0.110937
2 0.878906 0.803906 0.110937 0.057813
2 0.978906 0.265625 0.042188 0.062500
2 0.875000 0.860938 0.112500 0.062500
2 0.564063 0.406250 0.078125 0.156250
2 0.762500 0.861719 0.106250 0.057813
2 0.768750 0.687500 0.115625 0.053125
2 0.879687 0.748437 0.106250 0.059375
2 0.884375 0.637500 0.109375 0.056250
2 0.876563 0.920312 0.109375 0.062500
2 0.761719 0.792188 0.110937 0.056250
2 0.979688 0.375000 0.040625 0.053125
2 0.762500 0.741406 0.112500 0.054688
2 0.969531 0.926562 0.060937 0.059375
2 0.984375 0.426563 0.031250 0.050000
2 0.978125 0.321094 0.043750 0.054688
2 0.881250 0.694531 0.109375 0.054688
2 0.760938 0.632812 0.112500 0.050000
2 0.976562 0.534375 0.046875 0.059375
2 0.977344 0.479687 0.045312 0.050000
2 0.964844 0.977344 0.070312 0.045312
2 0.967969 0.868750 0.064062 0.059375
2 0.889844 0.472656 0.107813 0.057813
2 0.971875 0.700781 0.056250 0.057813
2 0.889062 0.421875 0.109375 0.053125
2 0.970313 0.811719 0.059375 0.060937
2 0.762500 0.577344 0.115625 0.054688
2 0.974219 0.589844 0.051562 0.057813
2 0.971875 0.754687 0.056250 0.059375
2 0.974219 0.645312 0.051562 0.056250
2 0.885938 0.582031 0.112500 0.057813
2 0.890625 0.528125 0.109375 0.056250
2 0.889062 0.368750 0.112500 0.053125
2 0.765625 0.519531 0.109375 0.054688
2 0.767188 0.464844 0.112500 0.054688
2 0.892969 0.314844 0.110937 0.054688
2 0.763281 0.968750 0.110937 0.062500
