0 0.803906 0.270313 0.067187 0.040625
0 0.804688 0.317969 0.068750 0.039062
0 0.807031 0.379688 0.067187 0.040625
0 0.806250 0.421875 0.068750 0.043750
0 0.804688 0.471875 0.068750 0.040625
0 0.802344 0.521094 0.067187 0.042188
0 0.803906 0.571875 0.067187 0.040625
0 0.811719 0.625781 0.070312 0.045312
0 0.810937 0.667969 0.068750 0.039062
0 0.815625 0.719531 0.065625 0.042188
0 0.810937 0.765625 0.068750 0.040625
0 0.813281 0.817187 0.070312 0.040625
0 0.815625 0.873437 0.068750 0.037500
0 0.906250 0.978906 0.065625 0.039062
0 0.901563 0.921875 0.068750 0.043750
0 0.906250 0.846094 0.071875 0.042188
0 0.911719 0.803906 0.067187 0.039062
0 0.911719 0.757812 0.070312 0.043750
0 0.914844 0.714844 0.067187 0.039062
0 0.915625 0.665625 0.068750 0.040625
0 0.912500 0.617188 0.068750 0.040625
0 0.913281 0.570312 0.067187 0.040625
0 0.910156 0.517188 0.070312 0.040625
0 0.910937 0.467969 0.065625 0.045312
0 0.913281 0.268750 0.067187 0.037500
0 0.913281 0.317969 0.070312 0.039062
0 0.908594 0.375781 0.070312 0.039062
0 0.911719 0.419531 0.067187 0.039062
3 0.353125 0.487500 0.034375 0.081250
3 0.360938 0.270313 0.034375 0.081250
3 0.107031 0.303125 0.070312 0.037500
3 0.100781 0.473438 0.070312 0.037500
3 0.357031 0.921875 0.051562 0.156250
3 0.017969 0.208594 0.032813 0.045312
3 0.014063 0.359375 0.025000 0.043750
3 0.012500 0.307812 0.021875 0.043750
3 0.017188 0.266406 0.028125 0.032813
3 0.014063 0.409375 0.025000 0.043750
3 0.014063 0.467187 0.025000 0.043750
3 0.513281 0.761719 0.057813 0.129688
