3 0.114062 0.701562 0.078125 0.103125
1 0.250000 0.558594 0.090625 0.110937
3 0.414844 0.441406 0.060937 0.079687
3 0.442969 0.397656 0.060937 0.079687
3 0.311719 0.257031 0.060937 0.079687
3 0.178125 0.343750 0.050000 0.068750
3 0.222656 0.336719 0.060937 0.079687
3 0.075781 0.333594 0.060937 0.079687
3 0.104688 0.318750 0.071875 0.078125
3 0.138281 0.288281 0.060937 0.079687
3 0.025781 0.146875 0.048438 0.078125
3 0.049219 0.108594 0.060937 0.079687
3 0.136719 0.042969 0.060937 0.079687
3 0.710156 0.111719 0.060937 0.079687
3 0.391406 0.128906 0.060937 0.079687
3 0.294531 0.538281 0.060937 0.079687
3 0.221875 0.584375 0.056250 0.078125
3 0.024219 0.394531 0.045312 0.079687
