2 0.988281 0.057813 0.023438 0.100000
2 0.178906 0.846094 0.085938 0.048438
2 0.032813 0.918750 0.062500 0.053125
2 0.095312 0.856250 0.084375 0.053125
2 0.674219 0.952344 0.064062 0.092188
2 0.273438 0.887500 0.087500 0.050000
2 0.076563 0.657813 0.087500 0.053125
2 0.641406 0.750000 0.064062 0.115625
2 0.110937 0.960156 0.087500 0.048438
2 0.013281 0.565625 0.023438 0.056250
2 0.093750 0.807813 0.093750 0.059375
2 0.073438 0.604688 0.084375 0.053125
2 0.089063 0.753125 0.087500 0.056250
2 0.082031 0.704688 0.082812 0.053125
2 0.021094 0.771094 0.039062 0.057813
2 0.025000 0.821094 0.046875 0.057813
2 0.263281 0.835938 0.085938 0.050000
2 0.235937 0.644531 0.100000 0.051562
2 0.191406 0.125000 0.064062 0.106250
2 0.026562 0.868750 0.050000 0.059375
2 0.014844 0.616406 0.026562 0.054688
2 0.714844 0.850781 0.070312 0.117188
2 0.016406 0.664844 0.029687 0.057813
2 0.018750 0.716406 0.034375 0.051562
2 0.656250 0.858594 0.065625 0.101562
2 0.235156 0.592969 0.089063 0.048438
2 0.318750 0.086719 0.068750 0.123438
2 0.262500 0.792969 0.084375 0.051562
2 0.260937 0.743750 0.087500 0.053125
2 0.247656 0.692969 0.089063 0.051562
2 0.483594 0.084375 0.076563 0.125000
2 0.623437 0.654687 0.071875 0.106250
2 0.696094 0.742188 0.073438 0.096875
2 0.179688 0.039844 0.071875 0.076563
2 0.311719 0.013281 0.073438 0.023438
2 0.467187 0.016406 0.062500 0.029687
2 0.694531 0.079687 0.076563 0.125000
2 0.590625 0.748437 0.071875 0.106250
2 0.605469 0.845313 0.064062 0.096875
2 0.618750 0.943750 0.056250 0.087500
2 0.736719 0.932813 0.073438 0.090625
2 0.035156 0.971875 0.067187 0.053125
2 0.106250 0.911719 0.087500 0.048438
2 0.070312 0.554688 0.087500 0.050000
2 0.060937 0.510938 0.087500 0.050000
2 0.054688 0.460938 0.087500 0.050000
2 0.054688 0.412500 0.087500 0.050000
2 0.048438 0.368750 0.087500 0.050000
2 0.044531 0.312500 0.085938 0.050000
2 0.126562 0.304688 0.087500 0.050000
2 0.134375 0.354687 0.087500 0.050000
2 0.137500 0.401562 0.087500 0.050000
2 0.140625 0.453125 0.087500 0.050000
2 0.146875 0.498437 0.087500 0.050000
2 0.151562 0.543750 0.087500 0.050000
2 0.151562 0.596875 0.087500 0.050000
2 0.156250 0.648438 0.087500 0.050000
2 0.162500 0.696875 0.087500 0.050000
2 0.170313 0.750000 0.087500 0.050000
2 0.179688 0.799219 0.087500 0.048438
2 0.188281 0.902344 0.085938 0.048438
2 0.207813 0.948438 0.087500 0.059375
2 0.295312 0.940625 0.087500 0.050000
