3 0.694531 0.287500 0.048438 0.065625
3 0.014063 0.673438 0.025000 0.065625
3 0.014844 0.454688 0.026562 0.071875
3 0.362500 0.473438 0.050000 0.062500
3 0.790625 0.026562 0.062500 0.050000
3 0.763281 0.032031 0.064062 0.057813
3 0.982031 0.117188 0.035937 0.065625
3 0.025000 0.659375 0.046875 0.068750
3 0.205469 0.557031 0.048438 0.067187
3 0.423438 0.445312 0.050000 0.065625
3 0.176563 0.578125 0.046875 0.065625
3 0.232813 0.542969 0.046875 0.064062
3 0.664062 0.304688 0.050000 0.062500
3 0.456250 0.427344 0.053125 0.067187
3 0.297656 0.503125 0.048438 0.062500
3 0.631250 0.146094 0.046875 0.073438
3 0.554688 0.146094 0.059375 0.070312
3 0.260937 0.526563 0.046875 0.062500
3 0.842187 0.202344 0.056250 0.067187
3 0.053125 0.640625 0.050000 0.065625
3 0.545312 0.382031 0.050000 0.064062
3 0.481250 0.408594 0.050000 0.067187
3 0.871094 0.189062 0.057813 0.071875
3 0.145313 0.592187 0.050000 0.068750
3 0.456250 0.196875 0.056250 0.068750
3 0.515625 0.398438 0.046875 0.068750
3 0.389844 0.453906 0.051562 0.067187
3 0.732031 0.045312 0.060937 0.071875
3 0.735156 0.741406 0.064062 0.054688
