3 0.267188 0.840625 0.043750 0.062500
3 0.014844 0.182031 0.026562 0.085938
1 0.793750 0.439063 0.193750 0.081250
3 0.574219 0.853125 0.045312 0.068750
3 0.691406 0.865625 0.048438 0.065625
3 0.646875 0.313281 0.062500 0.026562
3 0.301563 0.845313 0.046875 0.062500
3 0.617188 0.492969 0.071875 0.035937
3 0.499219 0.847656 0.042188 0.064062
3 0.653125 0.458594 0.065625 0.029687
3 0.717187 0.504687 0.059375 0.031250
3 0.614062 0.222656 0.062500 0.029687
3 0.225000 0.842969 0.040625 0.067187
3 0.632812 0.271094 0.068750 0.032813
3 0.611719 0.853906 0.045312 0.070312
3 0.540625 0.845313 0.046875 0.065625
3 0.643750 0.350781 0.065625 0.032813
3 0.649219 0.417187 0.060937 0.034375
