0 0.162500 0.486719 0.050000 0.048438
0 0.182812 0.514844 0.053125 0.045312
0 0.336719 0.724219 0.057813 0.060937
0 0.306250 0.222656 0.046875 0.045312
0 0.332031 0.245312 0.051562 0.050000
0 0.350781 0.271875 0.051562 0.050000
0 0.371875 0.296094 0.046875 0.045312
0 0.390625 0.328125 0.056250 0.050000
0 0.410938 0.355469 0.056250 0.051562
3 0.568750 0.568750 0.068750 0.062500
0 0.451562 0.418750 0.056250 0.056250
0 0.520312 0.506250 0.056250 0.056250
3 0.544531 0.534375 0.051562 0.050000
3 0.435937 0.393750 0.068750 0.062500
0 0.475000 0.449219 0.059375 0.045312
