0 0.500781 0.921094 0.064062 0.045312
0 0.825000 0.425781 0.065625 0.045312
0 0.382031 0.989062 0.067187 0.021875
0 0.473438 0.851562 0.065625 0.046875
0 0.388281 0.630469 0.064062 0.045312
0 0.949219 0.349219 0.067187 0.045312
0 0.702344 0.581250 0.067187 0.043750
0 0.515625 0.958594 0.062500 0.045312
0 0.528906 0.985938 0.067187 0.028125
0 0.547656 0.593750 0.067187 0.046875
0 0.795312 0.821094 0.071875 0.048438
0 0.325000 0.846094 0.065625 0.048438
0 0.742969 0.690625 0.064062 0.046875
0 0.983594 0.510156 0.032813 0.045312
0 0.847656 0.501563 0.064062 0.043750
0 0.360938 0.557813 0.065625 0.043750
0 0.421094 0.697656 0.067187 0.042188
0 0.538281 0.557813 0.064062 0.046875
0 0.363281 0.958594 0.067187 0.045312
0 0.586719 0.682031 0.064062 0.048438
0 0.967187 0.852344 0.065625 0.048438
0 0.594531 0.723437 0.070312 0.046875
0 0.810937 0.858594 0.065625 0.048438
0 0.626563 0.803125 0.068750 0.050000
0 0.502344 0.434375 0.070312 0.046875
0 0.961719 0.382812 0.067187 0.043750
0 0.976562 0.463281 0.046875 0.048438
0 0.779687 0.782031 0.068750 0.048438
0 0.656250 0.883594 0.071875 0.048438
0 0.351562 0.519531 0.065625 0.045312
0 0.459375 0.810156 0.068750 0.048438
0 0.373437 0.594531 0.065625 0.045312
0 0.678125 0.966406 0.068750 0.048438
0 0.217969 0.552344 0.064062 0.045312
0 0.810937 0.385937 0.065625 0.043750
0 0.670312 0.503125 0.065625 0.046875
0 0.648438 0.429688 0.065625 0.043750
0 0.489844 0.888281 0.067187 0.048438
0 0.836719 0.464062 0.064062 0.043750
0 0.639062 0.391406 0.065625 0.045312
0 0.798438 0.342969 0.065625 0.048438
0 0.338281 0.478906 0.067187 0.045312
0 0.862500 0.546875 0.068750 0.046875
0 0.305469 0.786719 0.067187 0.048438
0 0.728125 0.657031 0.068750 0.048438
0 0.434375 0.738281 0.068750 0.045312
0 0.240625 0.628125 0.065625 0.043750
0 0.710156 0.613281 0.067187 0.045312
0 0.764062 0.746094 0.065625 0.048438
0 0.686719 0.544531 0.067187 0.045312
0 0.875781 0.585156 0.067187 0.045312
0 0.890625 0.622656 0.068750 0.045312
0 0.289062 0.742188 0.068750 0.043750
0 0.400000 0.665625 0.068750 0.043750
0 0.229687 0.592187 0.062500 0.043750
