3 0.414844 0.988281 0.079687 0.023438
3 0.700000 0.129688 0.040625 0.065625
3 0.531250 0.121875 0.031250 0.059375
3 0.432812 0.374219 0.062500 0.029687
3 0.832031 0.315625 0.035937 0.065625
3 0.910156 0.134375 0.032813 0.065625
3 0.897656 0.319531 0.035937 0.064062
3 0.235937 0.817969 0.065625 0.029687
3 0.432812 0.511719 0.062500 0.032813
3 0.251563 0.368750 0.059375 0.031250
3 0.803125 0.128906 0.034375 0.064062
3 0.762500 0.310156 0.034375 0.060937
3 0.229687 0.851562 0.065625 0.031250
3 0.735938 0.128125 0.034375 0.065625
3 0.975781 0.132812 0.035937 0.065625
3 0.592969 0.307812 0.032813 0.059375
3 0.428906 0.478125 0.070312 0.034375
3 0.794531 0.314844 0.035937 0.070312
3 0.929688 0.317188 0.037500 0.065625
3 0.969531 0.317188 0.039062 0.071875
3 0.626563 0.310937 0.037500 0.065625
3 0.225781 0.985938 0.073438 0.028125
3 0.409375 0.924219 0.087500 0.042188
3 0.871875 0.134375 0.034375 0.068750
3 0.696875 0.313281 0.034375 0.064062
3 0.427344 0.546094 0.073438 0.035937
3 0.233594 0.890625 0.070312 0.034375
3 0.416406 0.754687 0.070312 0.034375
3 0.465625 0.120313 0.031250 0.065625
3 0.229687 0.747656 0.062500 0.032813
3 0.226562 0.782813 0.071875 0.031250
3 0.250000 0.440625 0.065625 0.034375
3 0.421094 0.685156 0.067187 0.035937
3 0.764062 0.127344 0.034375 0.070312
3 0.664844 0.130469 0.032813 0.064062
3 0.492969 0.118750 0.032813 0.065625
3 0.864062 0.317188 0.037500 0.071875
3 0.414062 0.818750 0.075000 0.037500
3 0.232031 0.613281 0.070312 0.035937
