1 0.516406 0.725781 0.082812 0.073438
1 0.430469 0.410156 0.085938 0.076563
4 0.315625 0.169531 0.062500 0.035937
1 0.044531 0.918750 0.085938 0.075000
0 0.218750 0.196875 0.065625 0.040625
4 0.308594 0.121875 0.054688 0.037500
4 0.384375 0.296094 0.090625 0.064062
1 0.089063 0.973437 0.084375 0.050000
0 0.582031 0.840625 0.060937 0.050000
4 0.354687 0.228906 0.096875 0.067187
4 0.395313 0.335156 0.096875 0.060937
0 0.642969 0.924219 0.057813 0.057813
4 0.371094 0.264844 0.098437 0.060937
1 0.033594 0.882031 0.064062 0.064062
1 0.069531 0.956250 0.085938 0.075000
0 0.624219 0.896094 0.064062 0.057813
0 0.478906 0.577344 0.057813 0.048438
0 0.458594 0.546875 0.057813 0.046875
0 0.600781 0.867188 0.064062 0.053125
0 0.509375 0.639844 0.059375 0.045312
0 0.442969 0.511719 0.057813 0.048438
0 0.497656 0.607812 0.057813 0.046875
