3 0.307812 0.007812 0.040625 0.012500
3 0.478125 0.587500 0.043750 0.071875
3 0.385156 0.015625 0.054688 0.028125
3 0.866406 0.155469 0.064062 0.057813
3 0.370312 0.568750 0.040625 0.065625
3 0.985938 0.174219 0.028125 0.060937
3 0.601562 0.029687 0.056250 0.050000
3 0.313281 0.200781 0.051562 0.070312
3 0.346094 0.010156 0.045312 0.017188
3 0.203125 0.028906 0.059375 0.054688
3 0.475000 0.017188 0.059375 0.031250
3 0.524219 0.021094 0.057813 0.039062
3 0.461719 0.083594 0.054688 0.057813
3 0.430469 0.071875 0.054688 0.062500
3 0.031250 0.024219 0.059375 0.045312
3 0.853125 0.070312 0.053125 0.059375
3 0.503906 0.090625 0.054688 0.062500
3 0.232813 0.032813 0.065625 0.062500
3 0.560937 0.025781 0.056250 0.048438
3 0.108594 0.028906 0.051562 0.051562
3 0.314063 0.049219 0.046875 0.054688
3 0.270313 0.045312 0.056250 0.062500
3 0.918750 0.156250 0.059375 0.059375
3 0.390625 0.212500 0.050000 0.075000
3 0.275781 0.213281 0.051562 0.070312
3 0.396094 0.056250 0.051562 0.056250
3 0.355469 0.058594 0.051562 0.057813
