3 0.264062 0.294531 0.231250 0.282813
3 0.459375 0.521094 0.146875 0.154688
3 0.035156 0.092188 0.067187 0.065625
3 0.050000 0.033594 0.068750 0.064062
3 0.126562 0.053125 0.068750 0.065625
3 0.103125 0.111719 0.068750 0.076563
3 0.168750 0.264844 0.068750 0.076563
3 0.185938 0.403906 0.068750 0.076563
3 0.252344 0.371875 0.073438 0.065625
3 0.341406 0.470313 0.073438 0.065625
3 0.281250 0.618750 0.062500 0.090625
3 0.304688 0.807031 0.050000 0.092188
3 0.503906 0.644531 0.073438 0.079687
3 0.607031 0.757031 0.073438 0.079687
3 0.535156 0.519531 0.073438 0.079687
3 0.447656 0.416406 0.073438 0.079687
3 0.411719 0.253906 0.073438 0.079687
3 0.338281 0.291406 0.073438 0.079687
3 0.263281 0.208594 0.073438 0.079687
3 0.350781 0.121094 0.089063 0.070312
3 0.583594 0.432031 0.082812 0.060937
3 0.625000 0.607031 0.065625 0.060937
3 0.584375 0.646094 0.068750 0.064062
3 0.784375 0.633594 0.065625 0.060937
3 0.745313 0.510156 0.065625 0.060937
3 0.838281 0.484375 0.101562 0.043750
3 0.960156 0.463281 0.079687 0.060937
3 0.975781 0.564844 0.048438 0.064062
3 0.926562 0.767969 0.075000 0.064062
3 0.300000 0.916406 0.050000 0.073438
3 0.435937 0.565625 0.065625 0.062500
