3 0.647656 0.164062 0.045312 0.062500
3 0.038281 0.181250 0.060937 0.087500
3 0.882031 0.764062 0.070312 0.037500
3 0.616406 0.139063 0.048438 0.062500
3 0.820312 0.990625 0.043750 0.018750
3 0.603125 0.609375 0.053125 0.065625
3 0.742188 0.221875 0.046875 0.071875
3 0.532813 0.578906 0.056250 0.064062
3 0.635156 0.620313 0.057813 0.071875
3 0.708594 0.207031 0.045312 0.060937
3 0.271094 0.021875 0.064062 0.031250
3 0.476562 0.920312 0.050000 0.078125
3 0.098437 0.029687 0.065625 0.056250
3 0.510156 0.931250 0.042188 0.062500
3 0.647656 0.950781 0.048438 0.079687
3 0.246094 0.063281 0.073438 0.035937
3 0.393750 0.505469 0.059375 0.070312
3 0.460938 0.549219 0.059375 0.070312
3 0.756250 0.973437 0.046875 0.053125
3 0.212500 0.107031 0.068750 0.035937
3 0.436719 0.892188 0.048438 0.062500
3 0.431250 0.520312 0.050000 0.065625
3 0.564844 0.596094 0.054688 0.064062
3 0.691406 0.964063 0.048438 0.068750
3 0.960156 0.281250 0.067187 0.059375
