1 0.930469 0.163281 0.117188 0.060937
1 0.570312 0.281250 0.096875 0.050000
1 0.982812 0.456250 0.031250 0.068750
0 0.097656 0.703125 0.045312 0.068750
1 0.689844 0.313281 0.101562 0.054688
1 0.583594 0.337500 0.098437 0.056250
1 0.686719 0.789062 0.095312 0.056250
1 0.207031 0.717187 0.101562 0.065625
1 0.236719 0.838281 0.101562 0.057813
0 0.939844 0.480469 0.057813 0.110937
1 0.026562 0.791406 0.050000 0.107813
1 0.128125 0.794531 0.059375 0.114062
1 0.260156 0.914062 0.104688 0.056250
1 0.050781 0.893750 0.060937 0.106250
1 0.564844 0.398438 0.104688 0.059375
1 0.714844 0.391406 0.098437 0.057813
1 0.564844 0.442969 0.107813 0.051562
1 0.441406 0.327344 0.095312 0.051562
0 0.656250 0.275781 0.062500 0.045312
1 0.571094 0.485938 0.110937 0.059375
1 0.089063 0.853906 0.059375 0.104688
1 0.592187 0.568750 0.106250 0.062500
2 0.095312 0.435156 0.103125 0.060937
1 0.183594 0.634375 0.101562 0.065625
1 0.285938 0.473438 0.112500 0.071875
1 0.295312 0.512500 0.112500 0.071875
1 0.029687 0.961719 0.056250 0.076563
1 0.608594 0.610156 0.095312 0.057813
