3 0.583594 0.453906 0.067187 0.035937
3 0.499219 0.336719 0.073438 0.039062
3 0.505469 0.258594 0.073438 0.039062
3 0.507031 0.222656 0.073438 0.039062
3 0.510156 0.185156 0.073438 0.039062
3 0.598437 0.186719 0.081250 0.042188
3 0.596875 0.261719 0.081250 0.042188
3 0.592187 0.338281 0.081250 0.042188
3 0.346875 0.366406 0.081250 0.042188
3 0.353906 0.249219 0.079687 0.039062
3 0.411719 0.030469 0.057813 0.054688
3 0.522656 0.028125 0.067187 0.053125
3 0.586719 0.028125 0.067187 0.053125
3 0.632031 0.028125 0.067187 0.053125
3 0.685937 0.037500 0.071875 0.071875
3 0.742188 0.033594 0.056250 0.064062
3 0.782031 0.086719 0.085938 0.039062
3 0.782031 0.130469 0.085938 0.039062
3 0.771094 0.200781 0.085938 0.039062
3 0.774219 0.317969 0.085938 0.039062
3 0.766406 0.503906 0.085938 0.039062
3 0.764844 0.555469 0.085938 0.039062
3 0.763281 0.433594 0.085938 0.039062
