3 0.965625 0.610156 0.059375 0.035937
3 0.028906 0.658594 0.054688 0.048438
3 0.835156 0.860938 0.054688 0.031250
3 0.664062 0.867969 0.059375 0.032813
3 0.973437 0.539062 0.053125 0.040625
3 0.243750 0.858594 0.065625 0.039062
3 0.659375 0.903125 0.062500 0.034375
3 0.373437 0.608594 0.043750 0.064062
3 0.157031 0.926562 0.057813 0.034375
3 0.835938 0.796094 0.053125 0.032813
3 0.651563 0.929688 0.062500 0.031250
3 0.270313 0.228906 0.053125 0.035937
3 0.909375 0.945312 0.068750 0.037500
3 0.848437 0.728125 0.062500 0.034375
3 0.932031 0.873437 0.073438 0.040625
3 0.826562 0.823438 0.062500 0.040625
3 0.859375 0.654687 0.065625 0.034375
3 0.820312 0.896875 0.065625 0.034375
3 0.173437 0.811719 0.068750 0.042188
3 0.485938 0.475781 0.075000 0.048438
3 0.810937 0.935937 0.065625 0.031250
3 0.452344 0.634375 0.064062 0.040625
3 0.496875 0.397656 0.081250 0.051562
3 0.064062 0.320312 0.056250 0.040625
3 0.161719 0.885156 0.073438 0.042188
3 0.503125 0.318750 0.071875 0.050000
3 0.682031 0.800000 0.076563 0.043750
3 0.946094 0.817187 0.076563 0.040625
3 0.018750 0.740625 0.034375 0.050000
3 0.274219 0.662500 0.060937 0.037500
3 0.280469 0.618750 0.070312 0.046875
3 0.464844 0.557813 0.079687 0.053125
3 0.692969 0.728906 0.082812 0.039062
3 0.449219 0.669531 0.076563 0.048438
3 0.903125 0.979688 0.062500 0.031250
3 0.432031 0.791406 0.064062 0.039062
3 0.195312 0.584375 0.065625 0.046875
3 0.430469 0.849219 0.067187 0.035937
3 0.267969 0.260937 0.060937 0.040625
3 0.335938 0.278906 0.065625 0.045312
3 0.401562 0.943750 0.059375 0.037500
3 0.397656 0.983594 0.057813 0.029687
3 0.649219 0.966406 0.067187 0.035937
3 0.953125 0.715625 0.065625 0.040625
3 0.153906 0.966406 0.064062 0.039062
3 0.208594 0.649219 0.064062 0.042188
3 0.924219 0.912500 0.076563 0.040625
3 0.098437 0.187500 0.056250 0.040625
3 0.118750 0.079687 0.056250 0.040625
3 0.253125 0.788281 0.065625 0.039062
