3 0.406250 0.055469 0.062500 0.057813
3 0.256250 0.954688 0.059375 0.062500
3 0.079687 0.987500 0.053125 0.025000
3 0.282031 0.035156 0.076563 0.067187
3 0.983594 0.071875 0.032813 0.062500
3 0.589844 0.018750 0.060937 0.034375
3 0.490625 0.457031 0.065625 0.064062
3 0.636719 0.057813 0.057813 0.059375
3 0.667969 0.721875 0.060937 0.062500
3 0.157031 0.457813 0.070312 0.065625
3 0.709375 0.032031 0.059375 0.057813
3 0.915625 0.021094 0.078125 0.039062
3 0.098437 0.819531 0.071875 0.070312
3 0.293750 0.669531 0.062500 0.060937
3 0.196094 0.921094 0.057813 0.060937
3 0.057813 0.673438 0.059375 0.059375
3 0.350000 0.953906 0.065625 0.070312
3 0.055469 0.771875 0.064062 0.062500
3 0.017188 0.932813 0.031250 0.059375
3 0.767188 0.077344 0.075000 0.073438
3 0.790625 0.193750 0.059375 0.062500
3 0.693750 0.103125 0.059375 0.062500
3 0.913281 0.656250 0.060937 0.068750
3 0.514844 0.885156 0.082812 0.076563
