3 0.846094 0.492188 0.051562 0.050000
3 0.709375 0.467969 0.056250 0.045312
3 0.364063 0.275781 0.084375 0.060937
3 0.271875 0.010937 0.046875 0.018750
3 0.353906 0.239063 0.085938 0.068750
3 0.201563 0.055469 0.053125 0.042188
3 0.521094 0.090625 0.051562 0.071875
3 0.733594 0.196094 0.054688 0.079687
3 0.346094 0.025781 0.039062 0.048438
3 0.458594 0.057813 0.042188 0.059375
3 0.491406 0.078125 0.051562 0.075000
3 0.828125 0.238281 0.059375 0.079687
3 0.583594 0.121875 0.054688 0.078125
3 0.691406 0.437500 0.054688 0.050000
3 0.768750 0.219531 0.046875 0.051562
