3 0.403906 0.705469 0.142187 0.151562
3 0.574219 0.525781 0.142187 0.151562
3 0.421094 0.226562 0.070312 0.059375
3 0.602344 0.321875 0.070312 0.059375
3 0.050781 0.371875 0.057813 0.059375
3 0.070312 0.490625 0.071875 0.075000
3 0.052344 0.783594 0.064062 0.070312
3 0.103906 0.846094 0.070312 0.079687
3 0.128906 0.695312 0.064062 0.065625
3 0.161719 0.675000 0.064062 0.065625
3 0.182031 0.646875 0.064062 0.065625
3 0.288281 0.645312 0.064062 0.065625
3 0.312500 0.617188 0.053125 0.059375
3 0.057031 0.121094 0.060937 0.060937
