0 0.990625 0.516406 0.018750 0.035937
0 0.964063 0.328906 0.062500 0.045312
0 0.905469 0.149219 0.057813 0.039062
0 0.873437 0.017188 0.059375 0.031250
0 0.252344 0.353125 0.060937 0.040625
0 0.985938 0.477344 0.028125 0.045312
0 0.947656 0.253906 0.060937 0.042188
0 0.881250 0.043750 0.059375 0.040625
0 0.975000 0.398438 0.050000 0.043750
0 0.914062 0.189844 0.062500 0.042188
0 0.304688 0.529687 0.065625 0.043750
0 0.970313 0.360156 0.053125 0.045312
0 0.566406 0.373437 0.070312 0.040625
0 0.957031 0.291406 0.060937 0.042188
0 0.557813 0.333594 0.062500 0.042188
0 0.895312 0.116406 0.059375 0.042188
0 0.593750 0.503906 0.068750 0.042188
0 0.315625 0.572656 0.065625 0.042188
0 0.493750 0.092188 0.062500 0.040625
0 0.582812 0.462500 0.059375 0.040625
0 0.229687 0.263281 0.062500 0.042188
0 0.534375 0.244531 0.078125 0.048438
0 0.546094 0.292969 0.060937 0.039062
0 0.980469 0.438281 0.039062 0.039062
0 0.276562 0.440625 0.062500 0.040625
0 0.510938 0.135156 0.071875 0.039062
0 0.265625 0.392969 0.065625 0.042188
0 0.519531 0.178906 0.067187 0.042188
0 0.571875 0.414062 0.078125 0.034375
0 0.243750 0.308594 0.062500 0.042188
0 0.015625 0.695312 0.028125 0.040625
0 0.888281 0.082812 0.073438 0.046875
