1 0.132812 0.879687 0.059375 0.109375
1 0.192188 0.907813 0.059375 0.109375
1 0.250781 0.919531 0.060937 0.110937
1 0.297656 0.932031 0.060937 0.110937
1 0.351562 0.955469 0.059375 0.089063
1 0.401562 0.955469 0.059375 0.089063
1 0.453906 0.969531 0.054688 0.060937
1 0.517188 0.804688 0.112500 0.087500
1 0.566406 0.817187 0.114062 0.087500
1 0.597656 0.848437 0.114062 0.087500
1 0.495312 0.559375 0.059375 0.103125
0 0.964844 0.934375 0.070312 0.071875
0 0.470313 0.150000 0.075000 0.068750
0 0.601562 0.187500 0.075000 0.068750
2 0.869531 0.292187 0.073438 0.081250
2 0.926562 0.242188 0.075000 0.081250
2 0.972656 0.260937 0.054688 0.087500
2 0.864062 0.213281 0.075000 0.082812
2 0.803125 0.260156 0.075000 0.082812
2 0.742188 0.241406 0.075000 0.082812
2 0.810937 0.188281 0.075000 0.082812
2 0.725000 0.167187 0.075000 0.081250
2 0.657813 0.210156 0.075000 0.082812
0 0.530469 0.164062 0.064062 0.075000
0 0.792969 0.500000 0.076563 0.065625
1 0.292187 0.332031 0.100000 0.079687
3 0.267188 0.478906 0.075000 0.148438
3 0.323437 0.488281 0.075000 0.148438
3 0.388281 0.500781 0.070312 0.129688
3 0.435937 0.503906 0.068750 0.129688
3 0.592187 0.579688 0.087500 0.150000
3 0.463281 0.385937 0.092188 0.084375
3 0.689063 0.557813 0.075000 0.096875
3 0.717187 0.660156 0.075000 0.098437
