1 0.663281 0.292187 0.070312 0.075000
0 0.305469 0.525000 0.054688 0.059375
0 0.061719 0.735938 0.045312 0.053125
0 0.229687 0.601562 0.056250 0.059375
0 0.219531 0.295312 0.051562 0.065625
1 0.022656 0.318750 0.042188 0.081250
0 0.375000 0.140625 0.056250 0.068750
0 0.195312 0.626563 0.053125 0.059375
0 0.253125 0.582031 0.053125 0.057813
0 0.139844 0.667188 0.060937 0.068750
0 0.639844 0.321875 0.051562 0.059375
0 0.256250 0.258594 0.053125 0.060937
0 0.328125 0.017188 0.046875 0.031250
0 0.078125 0.216406 0.053125 0.064062
0 0.086719 0.717969 0.051562 0.057813
0 0.390625 0.463281 0.056250 0.054688
0 0.469531 0.389062 0.054688 0.056250
0 0.550781 0.021875 0.057813 0.040625
0 0.167969 0.644531 0.051562 0.057813
0 0.296094 0.031250 0.048438 0.056250
0 0.412500 0.435937 0.053125 0.059375
0 0.713281 0.256250 0.054688 0.062500
0 0.288281 0.236719 0.042188 0.051562
0 0.022656 0.266406 0.042188 0.054688
0 0.314844 0.207813 0.042188 0.053125
0 0.046875 0.242969 0.050000 0.060937
0 0.111719 0.695312 0.054688 0.059375
1 0.110156 0.202344 0.064062 0.070312
0 0.494531 0.370312 0.060937 0.056250
0 0.610156 0.345313 0.048438 0.056250
0 0.519531 0.346875 0.057813 0.056250
0 0.270313 0.051562 0.046875 0.059375
0 0.240625 0.081250 0.046875 0.059375
0 0.216406 0.102344 0.048438 0.054688
0 0.143750 0.167187 0.053125 0.059375
0 0.281250 0.557031 0.056250 0.054688
