3 0.503125 0.485938 0.037500 0.059375
3 0.660937 0.305469 0.040625 0.064062
3 0.100781 0.522656 0.045312 0.064062
3 0.803125 0.129688 0.040625 0.059375
3 0.526563 0.460938 0.037500 0.056250
3 0.689844 0.279687 0.035937 0.053125
3 0.550000 0.426563 0.043750 0.062500
3 0.175000 0.557031 0.043750 0.060937
3 0.207813 0.568750 0.037500 0.053125
3 0.909375 0.608594 0.062500 0.057813
3 0.757812 0.746094 0.053125 0.051562
3 0.835938 0.111719 0.040625 0.064062
3 0.780469 0.721094 0.060937 0.054688
3 0.028125 0.491406 0.043750 0.064062
3 0.928125 0.583594 0.062500 0.057813
3 0.239844 0.589844 0.042188 0.060937
3 0.981250 0.488281 0.037500 0.057813
3 0.864844 0.081250 0.039062 0.062500
3 0.814063 0.700781 0.056250 0.057813
3 0.268750 0.602344 0.046875 0.060937
3 0.142187 0.542969 0.043750 0.064062
3 0.064062 0.504687 0.040625 0.062500
3 0.469531 0.520312 0.032813 0.071875
3 0.963281 0.522656 0.057813 0.054688
3 0.317188 0.621094 0.046875 0.060937
