3 0.467969 0.983594 0.042188 0.029687
3 0.912500 0.163281 0.068750 0.076563
3 0.852344 0.021094 0.048438 0.039062
3 0.541406 0.378906 0.048438 0.067187
3 0.017969 0.670312 0.032813 0.078125
3 0.780469 0.241406 0.045312 0.057813
3 0.091406 0.633594 0.042188 0.060937
3 0.121875 0.617969 0.050000 0.060937
3 0.845313 0.211719 0.046875 0.060937
3 0.581250 0.359375 0.050000 0.071875
3 0.809375 0.226562 0.050000 0.059375
3 0.057813 0.657813 0.046875 0.062500
3 0.760938 0.060156 0.050000 0.064062
3 0.684375 0.094531 0.043750 0.064062
3 0.619531 0.119531 0.054688 0.073438
3 0.715625 0.075000 0.043750 0.059375
3 0.582812 0.146875 0.050000 0.065625
