3 0.498438 0.303125 0.065625 0.096875
3 0.662500 0.323438 0.059375 0.093750
3 0.896875 0.389063 0.043750 0.078125
3 0.957031 0.493750 0.045313 0.078125
3 0.910938 0.876563 0.043750 0.078125
3 0.864063 0.854688 0.053125 0.081250
3 0.794531 0.801563 0.045313 0.078125
3 0.689063 0.704688 0.046875 0.084375
3 0.514062 0.534375 0.046875 0.084375
3 0.439063 0.482813 0.046875 0.078125
3 0.197656 0.528906 0.054688 0.079688
3 0.285938 0.591406 0.056250 0.079688
3 0.307813 0.610938 0.056250 0.078125
3 0.335938 0.654688 0.037500 0.068750
3 0.376563 0.682813 0.037500 0.068750
3 0.442188 0.729688 0.037500 0.068750
3 0.476562 0.770313 0.037500 0.075000
3 0.513281 0.795313 0.039062 0.075000
3 0.550781 0.815625 0.045313 0.090625
3 0.582813 0.856250 0.043750 0.078125
3 0.614063 0.885938 0.043750 0.078125
3 0.643750 0.918750 0.043750 0.078125
3 0.682813 0.945312 0.043750 0.078125
3 0.725000 0.967188 0.050000 0.065625
