3 0.010937 0.284375 0.018750 0.071875
3 0.456250 0.575781 0.046875 0.067187
3 0.510156 0.719531 0.064062 0.039062
3 0.414062 0.646094 0.075000 0.042188
3 0.300000 0.540625 0.053125 0.034375
3 0.120313 0.008594 0.034375 0.014063
3 0.489844 0.253906 0.064062 0.060937
3 0.518750 0.896094 0.037500 0.060937
3 0.242188 0.073438 0.043750 0.062500
3 0.050781 0.348438 0.039062 0.059375
3 0.557813 0.163281 0.087500 0.051562
3 0.491406 0.697656 0.060937 0.039062
3 0.330469 0.570312 0.064062 0.043750
3 0.714063 0.763281 0.037500 0.064062
3 0.275000 0.701562 0.034375 0.062500
3 0.255469 0.214844 0.035937 0.064062
3 0.167187 0.129688 0.040625 0.059375
3 0.620313 0.709375 0.043750 0.059375
3 0.422656 0.826562 0.042188 0.071875
3 0.407031 0.549219 0.035937 0.054688
3 0.304688 0.122656 0.043750 0.067187
3 0.446094 0.306250 0.057813 0.059375
3 0.075000 0.048438 0.034375 0.062500
3 0.382031 0.496875 0.039062 0.062500
3 0.633594 0.830469 0.060937 0.042188
3 0.026562 0.315625 0.037500 0.062500
3 0.681250 0.761719 0.037500 0.060937
3 0.437500 0.678125 0.059375 0.040625
3 0.645312 0.737500 0.040625 0.056250
3 0.157812 0.326562 0.068750 0.046875
3 0.336719 0.152344 0.039062 0.060937
3 0.525000 0.637500 0.043750 0.062500
3 0.309375 0.732812 0.037500 0.056250
3 0.282813 0.239063 0.040625 0.068750
3 0.081250 0.360938 0.037500 0.059375
3 0.192969 0.351562 0.073438 0.043750
3 0.104688 0.271094 0.056250 0.042188
3 0.190625 0.151562 0.040625 0.071875
3 0.489063 0.875000 0.034375 0.062500
3 0.130469 0.300781 0.064062 0.045312
3 0.318750 0.249219 0.043750 0.064062
3 0.374219 0.014844 0.067187 0.026562
3 0.567187 0.772656 0.059375 0.042188
3 0.415625 0.031250 0.078125 0.046875
3 0.053125 0.214844 0.056250 0.035937
3 0.357031 0.591406 0.067187 0.039062
3 0.385156 0.624219 0.064062 0.045312
3 0.596875 0.802344 0.059375 0.035937
3 0.496875 0.609375 0.040625 0.056250
3 0.532031 0.746094 0.067187 0.048438
3 0.019531 0.164062 0.035937 0.046875
3 0.108594 0.392969 0.039062 0.064062
3 0.177344 0.028906 0.035937 0.054688
3 0.346094 0.480469 0.042188 0.073438
3 0.592969 0.682813 0.042188 0.059375
3 0.468750 0.585938 0.040625 0.065625
3 0.439844 0.554688 0.035937 0.056250
3 0.454688 0.057031 0.071875 0.042188
3 0.455469 0.856250 0.035937 0.062500
3 0.339844 0.746094 0.039062 0.057813
3 0.142969 0.423438 0.042188 0.071875
3 0.369531 0.778125 0.039062 0.065625
3 0.225000 0.650000 0.034375 0.062500
3 0.196875 0.623437 0.034375 0.062500
3 0.551562 0.921094 0.037500 0.060937
3 0.407813 0.792969 0.037500 0.064062
3 0.220312 0.176563 0.040625 0.071875
3 0.212500 0.051562 0.043750 0.062500
