1 0.671875 0.929688 0.128125 0.046875
3 0.602344 0.395313 0.070312 0.040625
3 0.686719 0.400000 0.070312 0.040625
3 0.913281 0.396875 0.070312 0.040625
3 0.299219 0.607812 0.035937 0.078125
3 0.339844 0.607812 0.035937 0.078125
3 0.414844 0.603125 0.035937 0.078125
3 0.453906 0.600000 0.035937 0.078125
3 0.494531 0.603125 0.035937 0.078125
3 0.530469 0.606250 0.035937 0.078125
3 0.570312 0.608594 0.034375 0.082812
3 0.604688 0.597656 0.034375 0.082812
3 0.685937 0.600781 0.034375 0.082812
3 0.721875 0.600781 0.034375 0.082812
3 0.762500 0.599219 0.034375 0.082812
3 0.798438 0.596094 0.034375 0.082812
3 0.835938 0.590625 0.040625 0.078125
3 0.871875 0.593750 0.040625 0.078125
3 0.914062 0.589063 0.040625 0.078125
3 0.956250 0.590625 0.040625 0.078125
3 0.221094 0.602344 0.035937 0.095312
3 0.143750 0.613281 0.034375 0.095312
1 0.456250 0.038281 0.153125 0.067187
