0 0.291406 0.243750 0.067187 0.040625
0 0.325781 0.423438 0.051562 0.037500
0 0.460938 0.445312 0.050000 0.034375
0 0.678125 0.532813 0.065625 0.037500
0 0.550000 0.614844 0.065625 0.039062
0 0.544531 0.577344 0.067187 0.042188
0 0.339062 0.453906 0.050000 0.032813
0 0.352344 0.487500 0.051562 0.037500
4 0.429688 0.614844 0.075000 0.051562
3 0.162500 0.946094 0.034375 0.054688
3 0.069531 0.977344 0.032813 0.045312
3 0.196875 0.940625 0.046875 0.065625
3 0.367969 0.883594 0.045312 0.067187
3 0.325000 0.889062 0.050000 0.075000
3 0.096875 0.960938 0.037500 0.056250
3 0.129688 0.959375 0.046875 0.065625
3 0.132031 0.069531 0.054688 0.082812
3 0.096094 0.080469 0.054688 0.082812
