0 0.007812 0.422656 0.015625 0.054688
0 0.010156 0.487500 0.020313 0.053125
4 0.066406 0.791406 0.054688 0.085938
0 0.024219 0.428906 0.039062 0.054688
0 0.086719 0.449219 0.039062 0.054688
0 0.102344 0.518750 0.039062 0.053125
0 0.057031 0.437500 0.035937 0.053125
0 0.118750 0.457031 0.037500 0.054688
0 0.210156 0.485156 0.039062 0.057813
0 0.237500 0.496875 0.040625 0.056250
0 0.178906 0.473437 0.042188 0.056250
0 0.149219 0.464063 0.039062 0.056250
0 0.069531 0.505469 0.039062 0.054688
0 0.037500 0.493750 0.040625 0.056250
0 0.131250 0.527344 0.040625 0.054688
