3 0.939063 0.178906 0.056250 0.060937
3 0.253125 0.603906 0.078125 0.048438
3 0.243750 0.732812 0.040625 0.053125
3 0.706250 0.204687 0.059375 0.078125
3 0.984375 0.040625 0.031250 0.068750
4 0.787500 0.856250 0.090625 0.137500
3 0.180469 0.849219 0.070312 0.060937
3 0.971094 0.058594 0.048438 0.076563
3 0.165625 0.014063 0.050000 0.025000
3 0.427344 0.726562 0.067187 0.056250
3 0.264844 0.571875 0.076563 0.053125
3 0.974219 0.439844 0.039062 0.054688
3 0.920312 0.510156 0.059375 0.089063
3 0.802344 0.557031 0.060937 0.098437
3 0.551562 0.686719 0.053125 0.073438
3 0.360156 0.240625 0.073438 0.043750
3 0.286719 0.436719 0.073438 0.045312
3 0.950781 0.479687 0.054688 0.078125
3 0.591406 0.682813 0.054688 0.078125
3 0.621875 0.641406 0.059375 0.085938
3 0.896875 0.111719 0.059375 0.079687
3 0.836719 0.535156 0.064062 0.095312
3 0.689063 0.618750 0.078125 0.106250
3 0.928125 0.075781 0.053125 0.067187
3 0.229687 0.903906 0.046875 0.079687
3 0.450000 0.766406 0.068750 0.054688
3 0.371094 0.194531 0.095312 0.060937
4 0.601562 0.951562 0.100000 0.093750
4 0.682813 0.907813 0.075000 0.059375
3 0.328906 0.316406 0.085938 0.048438
