1 0.903906 0.246094 0.079687 0.273438
1 0.839063 0.263281 0.078125 0.270313
1 0.334375 0.950781 0.075000 0.098437
1 0.681250 0.400781 0.046875 0.145313
1 0.745313 0.834375 0.081250 0.125000
1 0.497656 0.925000 0.082812 0.134375
1 0.035156 0.636719 0.054688 0.129688
1 0.825781 0.810937 0.076563 0.125000
1 0.381250 0.944531 0.081250 0.110937
1 0.467187 0.468750 0.056250 0.143750
1 0.781250 0.819531 0.075000 0.123438
1 0.593750 0.889062 0.078125 0.128125
1 0.703125 0.846875 0.081250 0.121875
1 0.258594 0.887500 0.085938 0.134375
1 0.421875 0.938281 0.081250 0.123438
1 0.146875 0.530469 0.071875 0.289062
1 0.201563 0.510156 0.071875 0.289062
1 0.251563 0.488281 0.071875 0.289062
1 0.308594 0.474219 0.079687 0.289062
1 0.408594 0.419531 0.085938 0.282813
1 0.524219 0.383594 0.085938 0.282813
1 0.632031 0.339844 0.085938 0.282813
1 0.728906 0.296094 0.085938 0.282813
1 0.797656 0.299219 0.076563 0.323437
1 0.201563 0.978125 0.053125 0.043750
1 0.145313 0.986719 0.043750 0.026562
