0 0.809375 0.111719 0.078125 0.042188
0 0.643750 0.452344 0.040625 0.070312
0 0.370312 0.060156 0.050000 0.073438
1 0.537500 0.108594 0.121875 0.057813
0 0.408594 0.046094 0.048438 0.070312
1 0.687500 0.066406 0.134375 0.070312
1 0.445312 0.034375 0.059375 0.065625
1 0.926562 0.482812 0.034375 0.106250
0 0.725000 0.455469 0.037500 0.070312
1 0.629687 0.146875 0.143750 0.062500
1 0.418750 0.135156 0.103125 0.057813
1 0.553906 0.032031 0.048438 0.060937
1 0.496875 0.034375 0.075000 0.065625
1 0.967187 0.482812 0.037500 0.103125
0 0.564844 0.456250 0.035937 0.071875
0 0.801562 0.460938 0.037500 0.071875
0 0.684375 0.454688 0.034375 0.068750
1 0.442969 0.182812 0.120313 0.050000
0 0.764062 0.457031 0.034375 0.067187
0 0.513281 0.453906 0.042188 0.073438
3 0.741406 0.662500 0.067187 0.034375
