3 0.929688 0.150000 0.043750 0.056250
3 0.289844 0.682813 0.060937 0.046875
3 0.328906 0.416406 0.060937 0.035937
3 0.233594 0.989844 0.067187 0.020313
3 0.753125 0.821875 0.050000 0.071875
3 0.135937 0.449219 0.065625 0.045312
3 0.351562 0.733594 0.062500 0.035937
3 0.332813 0.460156 0.056250 0.035937
3 0.092188 0.784375 0.046875 0.034375
3 0.516406 0.953906 0.048438 0.092188
3 0.097656 0.247656 0.060937 0.042188
3 0.133594 0.014063 0.060937 0.025000
3 0.937500 0.295312 0.056250 0.062500
3 0.325781 0.342969 0.067187 0.042188
3 0.142187 0.042188 0.071875 0.046875
3 0.139063 0.371875 0.059375 0.037500
3 0.017969 0.778125 0.032813 0.046875
3 0.119531 0.162500 0.048438 0.034375
3 0.014844 0.893750 0.026562 0.037500
3 0.117969 0.123438 0.057813 0.037500
3 0.242969 0.922656 0.067187 0.042188
3 0.332813 0.379688 0.059375 0.037500
3 0.018750 0.853125 0.031250 0.037500
3 0.050000 0.950000 0.056250 0.037500
3 0.337500 0.872656 0.068750 0.032813
3 0.381250 0.140625 0.065625 0.043750
3 0.346875 0.768750 0.059375 0.034375
3 0.064844 0.903906 0.054688 0.039062
3 0.197656 0.601562 0.051562 0.068750
3 0.029687 0.700000 0.056250 0.040625
3 0.023438 0.813281 0.043750 0.042188
3 0.236719 0.742969 0.064062 0.035937
3 0.099219 0.210156 0.060937 0.039062
3 0.043750 0.982812 0.065625 0.031250
3 0.021094 0.736719 0.039062 0.039062
3 0.308594 0.974219 0.067187 0.035937
3 0.347656 0.264062 0.073438 0.046875
3 0.330469 0.837500 0.073438 0.037500
3 0.342969 0.290625 0.073438 0.046875
3 0.096094 0.317969 0.060937 0.042188
3 0.082812 0.392188 0.059375 0.037500
3 0.821875 0.834375 0.050000 0.071875
