3 0.687500 0.717969 0.050000 0.067187
3 0.019531 0.991406 0.039062 0.017188
3 0.454688 0.696094 0.034375 0.060937
3 0.788281 0.148438 0.039062 0.059375
3 0.856250 0.160938 0.034375 0.059375
3 0.709375 0.720312 0.046875 0.068750
3 0.821094 0.152344 0.035937 0.060937
3 0.892969 0.165625 0.039062 0.062500
3 0.932031 0.739062 0.035937 0.065625
3 0.434375 0.351562 0.043750 0.068750
3 0.971875 0.746094 0.037500 0.070312
3 0.683594 0.635156 0.035937 0.060937
3 0.765625 0.660937 0.037500 0.065625
3 0.968750 0.492188 0.043750 0.078125
3 0.493750 0.695312 0.040625 0.075000
3 0.916406 0.292969 0.039062 0.070312
3 0.385156 0.339063 0.039062 0.065625
3 0.818750 0.726562 0.040625 0.078125
3 0.588281 0.619531 0.039062 0.079687
3 0.542188 0.715625 0.037500 0.068750
3 0.877344 0.289062 0.035937 0.068750
3 0.878906 0.735937 0.032813 0.068750
3 0.635938 0.627344 0.037500 0.064062
