1 0.703906 0.482031 0.054688 0.142187
1 0.339062 0.715625 0.068750 0.131250
0 0.132031 0.658594 0.048438 0.085938
2 0.175000 0.665625 0.053125 0.115625
0 0.803125 0.464062 0.068750 0.046875
0 0.812500 0.506250 0.068750 0.046875
0 0.814063 0.556250 0.068750 0.046875
1 0.831250 0.090625 0.128125 0.053125
1 0.832812 0.198437 0.128125 0.053125
1 0.834375 0.239063 0.128125 0.053125
1 0.832812 0.282813 0.128125 0.053125
1 0.837500 0.329688 0.128125 0.053125
1 0.835938 0.373437 0.128125 0.053125
1 0.832812 0.417187 0.128125 0.053125
