3 0.296094 0.992188 0.048438 0.015625
3 0.034375 0.537500 0.046875 0.056250
3 0.223438 0.975781 0.059375 0.048438
3 0.314844 0.739844 0.060937 0.073438
3 0.014844 0.522656 0.026562 0.067187
3 0.258594 0.700000 0.051562 0.062500
3 0.014063 0.710156 0.025000 0.067187
3 0.117969 0.607812 0.060937 0.071875
3 0.094531 0.588281 0.057813 0.073438
3 0.503906 0.885938 0.060937 0.078125
3 0.333594 0.950781 0.051562 0.057813
3 0.128125 0.882812 0.059375 0.065625
3 0.035937 0.832031 0.062500 0.073438
3 0.283594 0.721875 0.054688 0.065625
3 0.478906 0.860938 0.054688 0.071875
3 0.310937 0.920312 0.056250 0.065625
3 0.245312 0.891406 0.059375 0.067187
3 0.264844 0.978906 0.045312 0.042188
