3 0.985156 0.543750 0.029687 0.071875
3 0.840625 0.049219 0.040625 0.073438
3 0.167969 0.432812 0.035937 0.084375
3 0.928125 0.017969 0.028125 0.032813
3 0.455469 0.013281 0.054688 0.023438
3 0.950781 0.478906 0.051562 0.073438
3 0.364063 0.045312 0.068750 0.053125
3 0.724219 0.116406 0.032813 0.060937
3 0.896094 0.025000 0.032813 0.046875
3 0.989844 0.042969 0.020313 0.067187
3 0.481250 0.249219 0.043750 0.067187
3 0.828906 0.055469 0.032813 0.070312
3 0.971875 0.251563 0.056250 0.056250
3 0.725000 0.200781 0.034375 0.073438
3 0.860938 0.036719 0.031250 0.070312
3 0.850000 0.331250 0.062500 0.053125
3 0.528906 0.029687 0.073438 0.056250
3 0.757031 0.100781 0.029687 0.060937
3 0.383594 0.317188 0.035937 0.065625
3 0.212500 0.135156 0.059375 0.045312
3 0.758594 0.171875 0.032813 0.059375
3 0.586719 0.269531 0.035937 0.067187
3 0.421875 0.080469 0.065625 0.054688
3 0.723437 0.641406 0.050000 0.060937
3 0.460938 0.542188 0.071875 0.056250
3 0.897656 0.104688 0.032813 0.062500
3 0.657813 0.145313 0.034375 0.062500
3 0.517969 0.225781 0.039062 0.070312
3 0.917969 0.293750 0.064062 0.059375
3 0.344531 0.336719 0.032813 0.064062
3 0.559375 0.476562 0.065625 0.053125
3 0.794531 0.071875 0.032813 0.065625
3 0.617969 0.167187 0.035937 0.065625
3 0.789844 0.174219 0.032813 0.060937
3 0.691406 0.214844 0.032813 0.064062
3 0.828125 0.146875 0.031250 0.065625
3 0.691406 0.131250 0.029687 0.062500
3 0.517969 0.768750 0.064062 0.078125
