1 0.775781 0.482031 0.151562 0.289062
3 0.972656 0.242969 0.054688 0.051562
2 0.037500 0.561719 0.071875 0.110937
1 0.131250 0.619531 0.087500 0.135937
0 0.093750 0.035156 0.053125 0.067187
1 0.270313 0.153906 0.100000 0.139063
4 0.314063 0.385156 0.118750 0.157812
1 0.181250 0.639844 0.084375 0.123438
1 0.870313 0.521875 0.140625 0.296875
1 0.820312 0.956250 0.078125 0.087500
1 0.086719 0.600781 0.085938 0.145313
0 0.217188 0.069531 0.053125 0.076563
0 0.071094 0.259375 0.054688 0.078125
1 0.767188 0.950781 0.068750 0.098437
0 0.171094 0.055469 0.054688 0.073438
0 0.119531 0.270313 0.054688 0.078125
0 0.130469 0.042969 0.051562 0.073438
1 0.285938 0.684375 0.087500 0.137500
1 0.340625 0.716406 0.087500 0.145313
0 0.414844 0.709375 0.064062 0.084375
4 0.893750 0.474219 0.075000 0.104688
1 0.741406 0.432031 0.151562 0.295312
1 0.687500 0.413281 0.159375 0.298438
1 0.647656 0.353125 0.170313 0.321875
1 0.417187 0.235156 0.090625 0.104688
3 0.972656 0.297656 0.054688 0.051562
