0 0.656250 0.186719 0.050000 0.064062
0 0.975781 0.803906 0.048438 0.082812
0 0.939844 0.817187 0.060937 0.084375
4 0.352344 0.329688 0.067187 0.093750
2 0.282813 0.326562 0.053125 0.090625
0 0.911719 0.743750 0.054688 0.078125
0 0.910937 0.653906 0.056250 0.073438
0 0.942187 0.724219 0.046875 0.060937
0 0.889062 0.586719 0.050000 0.070312
0 0.925781 0.575781 0.048438 0.067187
0 0.888281 0.843750 0.064062 0.081250
0 0.874219 0.672656 0.057813 0.073438
4 0.066406 0.425781 0.048438 0.092188
4 0.122656 0.427344 0.048438 0.076563
0 0.567187 0.208594 0.046875 0.070312
1 0.488281 0.239844 0.067187 0.101562
0 0.798438 0.855469 0.053125 0.079687
0 0.831250 0.603125 0.050000 0.068750
0 0.719531 0.860938 0.042188 0.071875
2 0.362500 0.797656 0.065625 0.098437
2 0.392188 0.896094 0.065625 0.098437
2 0.417969 0.975000 0.042188 0.050000
