3 0.333594 0.450000 0.060937 0.059375
3 0.097656 0.925000 0.064062 0.043750
3 0.252344 0.866406 0.067187 0.048438
3 0.009375 0.692187 0.015625 0.040625
3 0.322656 0.982812 0.060937 0.034375
3 0.226562 0.801562 0.065625 0.043750
3 0.239844 0.826562 0.064062 0.043750
3 0.134375 0.982031 0.062500 0.032813
3 0.054688 0.825781 0.059375 0.039062
3 0.289062 0.391406 0.059375 0.051562
3 0.265625 0.898438 0.065625 0.059375
3 0.301563 0.958594 0.059375 0.051562
3 0.359375 0.510156 0.059375 0.045312
3 0.113281 0.955469 0.060937 0.042188
3 0.198437 0.050781 0.056250 0.064062
3 0.142187 0.022656 0.059375 0.042188
3 0.219531 0.079687 0.064062 0.068750
3 0.197656 0.733594 0.064062 0.045312
3 0.033594 0.757031 0.057813 0.039062
3 0.504687 0.535156 0.065625 0.070312
3 0.407813 0.221094 0.053125 0.073438
3 0.286719 0.928906 0.064062 0.060937
3 0.350781 0.481250 0.064062 0.053125
3 0.025000 0.728125 0.046875 0.043750
3 0.064062 0.862500 0.062500 0.040625
3 0.378125 0.538281 0.062500 0.054688
3 0.039062 0.797656 0.062500 0.045312
3 0.081250 0.894531 0.065625 0.045312
3 0.214062 0.768750 0.065625 0.043750
3 0.297656 0.147656 0.060937 0.064062
