3 0.750781 0.808594 0.185938 0.120313
3 0.609375 0.008594 0.050000 0.014063
3 0.527344 0.024219 0.051562 0.045312
1 0.955469 0.677344 0.089063 0.104688
3 0.903125 0.851562 0.040625 0.068750
3 0.265625 0.162500 0.050000 0.065625
3 0.078125 0.265625 0.046875 0.062500
3 0.184375 0.033594 0.056250 0.064062
3 0.178125 0.219531 0.053125 0.067187
3 0.384375 0.103906 0.053125 0.064062
3 0.476562 0.052344 0.050000 0.064062
3 0.417187 0.082031 0.046875 0.064062
3 0.233594 0.178906 0.051562 0.067187
3 0.116406 0.253906 0.054688 0.064062
3 0.943750 0.931250 0.034375 0.062500
3 0.044531 0.286719 0.057813 0.070312
