0 0.907031 0.737500 0.073438 0.068750
3 0.200000 0.142187 0.050000 0.062500
3 0.069531 0.143750 0.054688 0.053125
3 0.112500 0.090625 0.059375 0.050000
3 0.021875 0.100781 0.040625 0.064062
3 0.130469 0.106250 0.060937 0.062500
0 0.983594 0.257031 0.029687 0.057813
3 0.058594 0.339062 0.051562 0.065625
3 0.270313 0.315625 0.071875 0.053125
3 0.373437 0.182031 0.065625 0.054688
3 0.168750 0.126562 0.053125 0.065625
3 0.157031 0.203906 0.067187 0.085938
3 0.028125 0.316406 0.046875 0.073438
0 0.802344 0.227344 0.035937 0.057813
3 0.032031 0.028906 0.057813 0.054688
3 0.351562 0.205469 0.068750 0.060937
3 0.085156 0.060156 0.060937 0.060937
3 0.328125 0.232813 0.071875 0.065625
3 0.314063 0.260937 0.062500 0.059375
3 0.017969 0.296875 0.032813 0.071875
3 0.109375 0.539062 0.065625 0.062500
3 0.021094 0.678125 0.039062 0.059375
3 0.392969 0.147656 0.070312 0.060937
3 0.089063 0.568750 0.056250 0.053125
3 0.292187 0.296094 0.071875 0.060937
0 0.867969 0.234375 0.035937 0.062500
0 0.833594 0.232031 0.035937 0.057813
0 0.928906 0.249219 0.035937 0.060937
0 0.967187 0.252344 0.037500 0.060937
0 0.844531 0.689063 0.073438 0.068750
0 0.775781 0.645312 0.073438 0.068750
3 0.256250 0.335938 0.071875 0.053125
3 0.026562 0.398438 0.050000 0.065625
3 0.052344 0.124219 0.042188 0.064062
3 0.288281 0.025000 0.057813 0.046875
3 0.103906 0.164062 0.048438 0.056250
