4 0.557813 0.110156 0.053125 0.135937
1 0.489063 0.014844 0.040625 0.026562
1 0.371094 0.416406 0.051562 0.185938
4 0.207031 0.079687 0.048438 0.140625
0 0.316406 0.747656 0.039062 0.135937
1 0.252344 0.785937 0.048438 0.171875
1 0.602344 0.450000 0.057813 0.256250
0 0.441406 0.739062 0.035937 0.078125
1 0.665625 0.443750 0.046875 0.262500
4 0.617188 0.103125 0.050000 0.140625
1 0.014063 0.387500 0.025000 0.143750
1 0.378906 0.818750 0.042188 0.106250
4 0.031250 0.087500 0.050000 0.131250
4 0.744531 0.068750 0.042188 0.112500
4 0.410156 0.094531 0.045312 0.157812
4 0.683594 0.073438 0.051562 0.106250
1 0.950000 0.832031 0.100000 0.051562
1 0.458594 0.089063 0.039062 0.125000
1 0.356250 0.083594 0.040625 0.120313
1 0.113281 0.382031 0.039062 0.117188
