2 0.703906 0.028906 0.117188 0.054688
2 0.907813 0.148438 0.128125 0.065625
2 0.635156 0.600781 0.101562 0.051562
2 0.635938 0.413281 0.115625 0.067187
2 0.796875 0.143750 0.134375 0.062500
2 0.950000 0.491406 0.090625 0.060937
2 0.721875 0.541406 0.118750 0.057813
2 0.747656 0.425781 0.123438 0.060937
2 0.964844 0.377344 0.070312 0.057813
2 0.965625 0.322656 0.068750 0.057813
2 0.725000 0.484375 0.115625 0.056250
2 0.849219 0.485156 0.114062 0.060937
2 0.965625 0.432812 0.068750 0.056250
2 0.875000 0.430469 0.115625 0.060937
2 0.867969 0.375000 0.110937 0.059375
2 0.748437 0.368750 0.112500 0.059375
2 0.809375 0.034375 0.106250 0.059375
2 0.926562 0.042188 0.106250 0.059375
