1 0.971875 0.573438 0.056250 0.112500
1 0.895312 0.825000 0.068750 0.137500
1 0.632031 0.210938 0.098437 0.084375
2 0.903125 0.127344 0.065625 0.070312
0 0.730469 0.945312 0.067187 0.084375
1 0.750781 0.725000 0.095312 0.121875
2 0.945312 0.106250 0.059375 0.065625
1 0.974219 0.760938 0.051562 0.146875
2 0.582812 0.486719 0.087500 0.098437
1 0.696875 0.759375 0.090625 0.118750
2 0.532031 0.540625 0.089063 0.090625
1 0.933594 0.785156 0.070312 0.135937
2 0.203125 0.757031 0.071875 0.092188
2 0.620313 0.453906 0.090625 0.092188
1 0.111719 0.287500 0.076563 0.071875
2 0.852344 0.156250 0.064062 0.065625
2 0.485156 0.562500 0.089063 0.103125
1 0.132812 0.321875 0.081250 0.065625
2 0.705469 0.397656 0.089063 0.092188
2 0.151562 0.778906 0.071875 0.085938
1 0.054688 0.386719 0.078125 0.070312
2 0.785156 0.328125 0.092188 0.106250
2 0.742969 0.361719 0.085938 0.095312
1 0.035937 0.345313 0.068750 0.062500
2 0.392969 0.623437 0.092188 0.096875
2 0.070312 0.845313 0.071875 0.090625
2 0.107031 0.810156 0.070312 0.085938
2 0.188281 0.289062 0.067187 0.087500
2 0.035156 0.735156 0.067187 0.107813
2 0.346875 0.654687 0.087500 0.093750
2 0.120313 0.667188 0.087500 0.109375
2 0.217969 0.268750 0.067187 0.087500
2 0.249219 0.240625 0.067187 0.087500
2 0.288281 0.217188 0.067187 0.087500
2 0.313281 0.190625 0.067187 0.087500
2 0.358594 0.160938 0.067187 0.087500
2 0.392969 0.135937 0.067187 0.087500
2 0.428906 0.118750 0.067187 0.087500
2 0.464844 0.095312 0.067187 0.087500
2 0.508594 0.060937 0.067187 0.087500
2 0.555469 0.035937 0.060937 0.068750
2 0.596094 0.024219 0.054688 0.045312
1 0.859375 0.850000 0.068750 0.137500
1 0.814844 0.877344 0.070312 0.139063
1 0.778906 0.905469 0.070312 0.139063
2 0.237500 0.723437 0.053125 0.065625
2 0.468750 0.421875 0.053125 0.065625
2 0.560937 0.376563 0.053125 0.065625
2 0.640625 0.309375 0.053125 0.065625
2 0.675000 0.281250 0.053125 0.065625
2 0.764062 0.214062 0.053125 0.065625
2 0.921875 0.247656 0.103125 0.104688
4 0.565625 0.851562 0.112500 0.143750
2 0.467187 0.965625 0.053125 0.068750
2 0.975000 0.071875 0.050000 0.068750
