3 0.987500 0.351562 0.021875 0.056250
0 0.541406 0.917188 0.060937 0.050000
0 0.530469 0.954688 0.057813 0.043750
3 0.332031 0.128906 0.032813 0.057813
3 0.075000 0.038281 0.034375 0.060937
3 0.596094 0.209375 0.035937 0.056250
3 0.636719 0.217188 0.032813 0.059375
3 0.929688 0.325781 0.037500 0.064062
3 0.111719 0.050781 0.032813 0.060937
3 0.970313 0.334375 0.034375 0.059375
3 0.147656 0.062500 0.035937 0.065625
3 0.671875 0.231250 0.031250 0.050000
3 0.895312 0.306250 0.034375 0.059375
3 0.144531 0.202344 0.067187 0.045312
3 0.442188 0.157812 0.037500 0.059375
3 0.482812 0.180469 0.037500 0.067187
3 0.525781 0.194531 0.035937 0.060937
3 0.823438 0.289062 0.037500 0.062500
3 0.374219 0.144531 0.032813 0.060937
3 0.785156 0.271094 0.035937 0.064062
3 0.709375 0.245312 0.037500 0.059375
3 0.858594 0.294531 0.035937 0.060937
3 0.223438 0.089844 0.037500 0.064062
3 0.182812 0.074219 0.037500 0.060937
3 0.035156 0.028906 0.035937 0.054688
3 0.746875 0.254688 0.034375 0.056250
3 0.293750 0.110937 0.037500 0.062500
3 0.566406 0.200000 0.035937 0.062500
3 0.412500 0.146875 0.037500 0.059375
3 0.259375 0.100781 0.037500 0.064062
