3 0.032031 0.376563 0.045312 0.081250
3 0.858594 0.231250 0.057813 0.084375
3 0.024219 0.767969 0.042188 0.064062
3 0.059375 0.736719 0.050000 0.082812
3 0.172656 0.471875 0.048438 0.078125
3 0.917188 0.210938 0.053125 0.078125
3 0.015625 0.382812 0.028125 0.090625
3 0.063281 0.514844 0.051562 0.085938
3 0.272656 0.650781 0.051562 0.079687
3 0.147656 0.336719 0.054688 0.092188
3 0.185938 0.680469 0.046875 0.070312
3 0.382812 0.639844 0.046875 0.070312
3 0.096875 0.725000 0.053125 0.093750
3 0.102344 0.503906 0.051562 0.085938
3 0.179688 0.314063 0.056250 0.087500
3 0.133594 0.702344 0.042188 0.070312
3 0.884375 0.222656 0.050000 0.076563
3 0.135937 0.485156 0.053125 0.082812
3 0.374219 0.414844 0.051562 0.076563
3 0.232813 0.671094 0.046875 0.076563
3 0.218750 0.463281 0.059375 0.092188
3 0.414844 0.396875 0.051562 0.075000
3 0.078906 0.353906 0.054688 0.092188
