3 0.870313 0.359375 0.031250 0.078125
3 0.869531 0.275000 0.032813 0.062500
3 0.907031 0.356250 0.032813 0.075000
3 0.836719 0.364062 0.032813 0.075000
3 0.291406 0.104687 0.064062 0.034375
3 0.506250 0.392969 0.034375 0.082812
3 0.289844 0.146094 0.070312 0.035937
3 0.944531 0.372656 0.032813 0.076563
3 0.614062 0.382031 0.031250 0.070312
3 0.767969 0.376563 0.035937 0.103125
3 0.453125 0.129688 0.037500 0.084375
3 0.978906 0.382812 0.032813 0.071875
3 0.464063 0.376563 0.034375 0.075000
3 0.650781 0.387500 0.029687 0.068750
3 0.285156 0.070312 0.067187 0.037500
3 0.719531 0.379687 0.032813 0.071875
