1 0.746875 0.307031 0.053125 0.114062
0 0.283594 0.467969 0.082812 0.039062
1 0.770312 0.307812 0.053125 0.112500
0 0.280469 0.551562 0.057813 0.031250
0 0.289062 0.426563 0.068750 0.034375
1 0.624219 0.309375 0.042188 0.118750
0 0.261719 0.658594 0.073438 0.045312
0 0.283594 0.389062 0.073438 0.034375
1 0.499219 0.295312 0.045312 0.118750
1 0.667188 0.312500 0.040625 0.115625
0 0.286719 0.208594 0.070312 0.032813
0 0.291406 0.320312 0.060937 0.031250
0 0.282031 0.513281 0.073438 0.032813
0 0.284375 0.262500 0.068750 0.031250
1 0.453125 0.289062 0.040625 0.100000
1 0.789844 0.310156 0.045312 0.110937
1 0.429688 0.747656 0.050000 0.101562
1 0.632812 0.749219 0.059375 0.110937
1 0.416406 0.293750 0.042188 0.115625
1 0.584375 0.746875 0.043750 0.112500
1 0.536719 0.306250 0.042188 0.134375
1 0.578906 0.295312 0.045312 0.112500
0 0.263281 0.609375 0.067187 0.031250
