2 0.667969 0.692187 0.051562 0.103125
2 0.164062 0.710938 0.050000 0.106250
2 0.902344 0.624219 0.054688 0.098437
2 0.555469 0.443750 0.054688 0.087500
2 0.664844 0.453906 0.060937 0.073438
2 0.896094 0.744531 0.054688 0.114062
2 0.783594 0.739062 0.054688 0.106250
2 0.729688 0.590625 0.053125 0.100000
2 0.165625 0.823438 0.053125 0.100000
2 0.907031 0.515625 0.057813 0.109375
2 0.601562 0.803125 0.059375 0.106250
2 0.729688 0.704688 0.056250 0.103125
2 0.841406 0.741406 0.051562 0.104688
2 0.224219 0.817969 0.051562 0.104688
2 0.957031 0.747656 0.057813 0.104688
2 0.602344 0.439844 0.057813 0.092188
2 0.223438 0.711719 0.053125 0.107813
2 0.601562 0.692969 0.053125 0.110937
2 0.496094 0.574219 0.057813 0.098437
2 0.547656 0.571875 0.057813 0.093750
2 0.161719 0.596875 0.054688 0.100000
2 0.950781 0.857031 0.060937 0.107813
2 0.732031 0.487500 0.060937 0.100000
2 0.445312 0.688281 0.050000 0.101562
2 0.160156 0.478125 0.054688 0.093750
2 0.603125 0.575781 0.056250 0.098437
2 0.779687 0.856250 0.056250 0.106250
2 0.276562 0.818750 0.053125 0.103125
2 0.665625 0.802344 0.056250 0.101562
2 0.836719 0.857031 0.054688 0.104688
2 0.846094 0.619531 0.054688 0.101562
2 0.892188 0.856250 0.053125 0.106250
2 0.273438 0.479687 0.053125 0.100000
2 0.792188 0.610938 0.053125 0.093750
2 0.544531 0.803125 0.054688 0.106250
2 0.386719 0.483594 0.057813 0.101562
2 0.722656 0.820312 0.054688 0.096875
2 0.493750 0.812500 0.053125 0.115625
2 0.329688 0.821875 0.053125 0.100000
2 0.385937 0.704688 0.053125 0.100000
2 0.548438 0.937500 0.059375 0.103125
2 0.387500 0.589063 0.053125 0.103125
2 0.228125 0.944531 0.056250 0.101562
2 0.217969 0.478125 0.054688 0.100000
2 0.325000 0.482031 0.056250 0.092188
2 0.329688 0.707812 0.053125 0.103125
2 0.849219 0.508594 0.057813 0.098437
2 0.275781 0.709375 0.054688 0.103125
2 0.667969 0.576562 0.054688 0.096875
2 0.171094 0.939063 0.057813 0.106250
2 0.382031 0.936719 0.054688 0.101562
2 0.659375 0.936719 0.059375 0.110937
2 0.794531 0.504687 0.054688 0.100000
2 0.280469 0.942969 0.054688 0.104688
2 0.442188 0.814063 0.053125 0.112500
2 0.602344 0.937500 0.060937 0.106250
2 0.385156 0.820312 0.054688 0.103125
2 0.277344 0.592187 0.054688 0.100000
2 0.445312 0.579688 0.053125 0.103125
2 0.331250 0.589844 0.056250 0.101562
2 0.544531 0.687500 0.051562 0.103125
2 0.721094 0.932031 0.060937 0.107813
2 0.330469 0.942187 0.054688 0.103125
2 0.220312 0.601562 0.056250 0.106250
2 0.494531 0.937500 0.054688 0.103125
2 0.439844 0.935937 0.054688 0.103125
2 0.494531 0.689063 0.051562 0.100000
2 0.445312 0.457031 0.053125 0.076563
2 0.499219 0.469531 0.051562 0.070312
2 0.961719 0.525000 0.060937 0.103125
2 0.960156 0.634375 0.060937 0.103125
