2 0.078125 0.022656 0.081250 0.042188
2 0.501563 0.268750 0.059375 0.090625
2 0.557813 0.256250 0.062500 0.096875
2 0.621094 0.195312 0.067187 0.090625
2 0.583594 0.212500 0.057813 0.100000
2 0.108594 0.036719 0.079687 0.070312
2 0.210156 0.114062 0.095312 0.100000
2 0.665625 0.174219 0.065625 0.092188
2 0.153125 0.078125 0.090625 0.093750
2 0.778125 0.033594 0.075000 0.064062
2 0.713281 0.154688 0.076563 0.103125
2 0.735938 0.055469 0.078125 0.098437
3 0.342969 0.475781 0.057813 0.073438
2 0.422656 0.024219 0.135937 0.045312
