1 0.515625 0.535156 0.093750 0.067187
0 0.385937 0.198437 0.084375 0.056250
4 0.466406 0.413281 0.098437 0.060937
1 0.407813 0.242969 0.103125 0.064062
1 0.414844 0.280469 0.098437 0.060937
1 0.535156 0.581250 0.101562 0.059375
1 0.457813 0.366406 0.096875 0.054688
1 0.205469 0.610156 0.067187 0.104688
1 0.014844 0.835938 0.026562 0.109375
4 0.479687 0.489063 0.121875 0.068750
4 0.620313 0.853906 0.112500 0.079687
4 0.360156 0.143750 0.107813 0.071875
4 0.319531 0.035156 0.098437 0.067187
1 0.584375 0.786719 0.096875 0.064062
1 0.031250 0.400000 0.059375 0.118750
1 0.108594 0.786719 0.067187 0.110937
1 0.578125 0.730469 0.131250 0.089063
0 0.521094 0.638281 0.076563 0.054688
1 0.042969 0.814063 0.064062 0.109375
1 0.201563 0.745313 0.071875 0.121875
1 0.155469 0.760156 0.064062 0.107813
1 0.637500 0.928906 0.100000 0.057813
0 0.034375 0.663281 0.056250 0.073438
0 0.305469 0.585938 0.054688 0.081250
1 0.184375 0.307031 0.075000 0.107813
1 0.118750 0.353125 0.062500 0.106250
1 0.069531 0.373437 0.073438 0.128125
