3 0.553906 0.989062 0.054688 0.021875
3 0.562500 0.982031 0.071875 0.035937
3 0.803125 0.982031 0.065625 0.035937
3 0.329688 0.893750 0.059375 0.059375
3 0.432031 0.759375 0.092188 0.078125
3 0.478125 0.728125 0.071875 0.062500
3 0.586719 0.973437 0.079687 0.053125
3 0.847656 0.936719 0.060937 0.060937
3 0.821875 0.963281 0.065625 0.054688
3 0.666406 0.788281 0.064062 0.057813
3 0.671094 0.885938 0.064062 0.056250
3 0.903906 0.885938 0.057813 0.053125
3 0.688281 0.866406 0.064062 0.057813
3 0.873438 0.911719 0.059375 0.057813
3 0.535156 0.667188 0.067187 0.068750
3 0.638281 0.913281 0.060937 0.057813
3 0.375000 0.843750 0.081250 0.078125
