3 0.562500 0.025000 0.062500 0.046875
3 0.700000 0.882031 0.056250 0.054688
3 0.476562 0.163281 0.056250 0.064062
3 0.762500 0.832031 0.056250 0.057813
3 0.500000 0.178125 0.056250 0.065625
3 0.267969 0.808594 0.054688 0.051562
3 0.286719 0.788281 0.057813 0.054688
3 0.731250 0.853125 0.056250 0.056250
3 0.418750 0.120313 0.059375 0.071875
3 0.590625 0.242969 0.056250 0.060937
3 0.635938 0.171875 0.053125 0.068750
3 0.208594 0.849219 0.051562 0.060937
3 0.657031 0.281250 0.048438 0.053125
3 0.454688 0.146094 0.059375 0.067187
3 0.560156 0.221875 0.054688 0.062500
3 0.312500 0.760938 0.053125 0.059375
3 0.392188 0.100781 0.053125 0.064062
3 0.531250 0.205469 0.050000 0.060937
3 0.361719 0.080469 0.054688 0.064062
3 0.883594 0.714063 0.057813 0.065625
3 0.948438 0.787500 0.071875 0.075000
3 0.687500 0.296875 0.056250 0.062500
3 0.761719 0.479687 0.048438 0.046875
