3 0.782031 0.014063 0.051562 0.025000
3 0.213281 0.850000 0.095312 0.071875
3 0.232031 0.898438 0.079687 0.056250
3 0.363281 0.014844 0.067187 0.026562
3 0.749219 0.020313 0.054688 0.037500
3 0.536719 0.682813 0.054688 0.068750
3 0.721094 0.031250 0.045312 0.056250
3 0.728906 0.497656 0.079687 0.060937
3 0.409375 0.069531 0.071875 0.057813
3 0.078906 0.923438 0.064062 0.053125
3 0.534375 0.946094 0.040625 0.070312
3 0.833594 0.347656 0.057813 0.051562
3 0.380469 0.046094 0.064062 0.051562
3 0.092969 0.763281 0.060937 0.051562
3 0.591406 0.905469 0.054688 0.082812
3 0.545312 0.130469 0.050000 0.067187
3 0.573438 0.110937 0.056250 0.075000
3 0.635938 0.075000 0.056250 0.075000
3 0.140625 0.946094 0.065625 0.054688
3 0.692969 0.045312 0.060937 0.078125
