1 0.363281 0.978906 0.089063 0.039062
0 0.717969 0.860938 0.060937 0.043750
3 0.169531 0.452344 0.076563 0.039062
0 0.348438 0.773438 0.059375 0.031250
1 0.902344 0.667969 0.045312 0.148438
0 0.464062 0.971875 0.062500 0.034375
0 0.455469 0.843750 0.057813 0.037500
0 0.450781 0.807813 0.057813 0.034375
0 0.618750 0.882031 0.062500 0.029687
0 0.714844 0.796094 0.060937 0.035937
0 0.364063 0.852344 0.062500 0.032813
0 0.715625 0.838281 0.059375 0.032813
0 0.720313 0.883594 0.059375 0.029687
0 0.447656 0.771094 0.057813 0.035937
