2 0.336538 0.076923 0.067308 0.105769
2 0.086538 0.043269 0.072115 0.081731
2 0.449519 0.096154 0.062500 0.105769
2 0.751202 0.126202 0.064904 0.103365
3 0.431490 0.670673 0.050481 0.091346
3 0.501202 0.860577 0.050481 0.091346
3 0.091346 0.612981 0.043269 0.086538
3 0.223558 0.635817 0.038462 0.069712
3 0.180288 0.633413 0.038462 0.074519
3 0.151442 0.828125 0.038462 0.069712
3 0.399038 0.948317 0.038462 0.069712
3 0.437500 0.951923 0.038462 0.076923
3 0.475962 0.954327 0.038462 0.076923
3 0.606971 0.968750 0.036058 0.062500
3 0.308894 0.937500 0.045673 0.072115
3 0.778846 0.717548 0.043269 0.079327
3 0.110577 0.818510 0.038462 0.069712
3 0.132212 0.617788 0.043269 0.086538
3 0.062500 0.798077 0.043269 0.086538
3 0.022837 0.793269 0.040865 0.086538
3 0.013221 0.877404 0.021635 0.081731
3 0.048077 0.879808 0.043269 0.086538
3 0.086538 0.896635 0.043269 0.086538
3 0.132212 0.906250 0.043269 0.086538
3 0.355769 0.939904 0.043269 0.086538
3 0.522837 0.953125 0.040865 0.093750
3 0.015625 0.603365 0.026442 0.086538
2 0.581731 0.125000 0.067308 0.086538
3 0.194712 0.818510 0.038462 0.069712
3 0.230769 0.818510 0.038462 0.069712
3 0.264423 0.917067 0.043269 0.088942
