0 0.607812 0.328125 0.071875 0.043750
3 0.689063 0.848437 0.059375 0.034375
3 0.803906 0.135156 0.060937 0.035937
0 0.566406 0.475781 0.064062 0.039062
0 0.583594 0.404687 0.073438 0.043750
0 0.600000 0.365625 0.071875 0.040625
3 0.749219 0.578906 0.060937 0.032813
3 0.729688 0.614062 0.065625 0.034375
3 0.700000 0.748437 0.056250 0.034375
0 0.246875 0.786719 0.053125 0.070312
0 0.600781 0.365625 0.070312 0.040625
0 0.556250 0.517188 0.068750 0.043750
0 0.533594 0.627344 0.067187 0.045312
3 0.777344 0.234375 0.064062 0.037500
0 0.112500 0.711719 0.053125 0.070312
0 0.564063 0.124219 0.056250 0.076563
