3 0.817187 0.282813 0.071875 0.071875
3 0.968750 0.657031 0.056250 0.073438
3 0.176563 0.948438 0.053125 0.056250
3 0.873438 0.225781 0.084375 0.079687
3 0.984375 0.617188 0.031250 0.053125
3 0.132031 0.981250 0.051562 0.034375
3 0.953906 0.349219 0.073438 0.076563
3 0.831250 0.811719 0.059375 0.060937
3 0.978125 0.314844 0.040625 0.076563
3 0.953125 0.438281 0.075000 0.067187
3 0.819531 0.497656 0.070312 0.070312
3 0.837500 0.468750 0.059375 0.062500
3 0.775781 0.544531 0.067187 0.064062
3 0.882031 0.414844 0.076563 0.073438
3 0.925781 0.364062 0.073438 0.071875
