1 0.582812 0.229687 0.100000 0.156250
1 0.670312 0.267188 0.081250 0.140625
1 0.721875 0.285938 0.081250 0.140625
1 0.789062 0.298438 0.081250 0.140625
1 0.845313 0.320312 0.081250 0.140625
1 0.895312 0.347656 0.087500 0.135937
1 0.935937 0.382812 0.109375 0.131250
1 0.967187 0.389062 0.065625 0.134375
1 0.279687 0.704688 0.106250 0.143750
1 0.332813 0.725000 0.121875 0.131250
1 0.375781 0.757812 0.120313 0.131250
1 0.423438 0.791406 0.121875 0.129688
1 0.485156 0.816406 0.120313 0.129688
1 0.548438 0.851562 0.109375 0.134375
1 0.764062 0.710938 0.109375 0.112500
1 0.857031 0.795312 0.126562 0.112500
1 0.910937 0.826562 0.128125 0.121875
1 0.956250 0.869531 0.087500 0.117188
1 0.981250 0.916406 0.037500 0.095312
1 0.682031 0.650781 0.139063 0.129688
1 0.697656 0.694531 0.164062 0.142187
