3 0.025000 0.705469 0.046875 0.101562
3 0.148438 0.354687 0.037500 0.084375
1 0.479687 0.073438 0.128125 0.056250
3 0.155469 0.664062 0.039062 0.090625
3 0.149219 0.564844 0.035937 0.095312
3 0.022656 0.504687 0.035937 0.078125
1 0.476562 0.022656 0.118750 0.042188
4 0.494531 0.389062 0.101562 0.043750
3 0.472656 0.440625 0.060937 0.031250
4 0.495312 0.336719 0.103125 0.045312
1 0.492969 0.277344 0.126562 0.045312
3 0.139063 0.024219 0.025000 0.045312
1 0.487500 0.229687 0.121875 0.043750
3 0.157812 0.953906 0.031250 0.082812
1 0.489844 0.144531 0.117188 0.045312
1 0.489063 0.190625 0.118750 0.043750
3 0.019531 0.418750 0.035937 0.078125
2 0.798438 0.035156 0.065625 0.067187
2 0.890625 0.035156 0.065625 0.067187
