3 0.511719 0.972656 0.057813 0.048438
3 0.567969 0.989062 0.067187 0.021875
3 0.888281 0.617188 0.060937 0.059375
3 0.732813 0.238281 0.071875 0.054688
3 0.923437 0.428125 0.065625 0.062500
3 0.070312 0.507812 0.050000 0.062500
3 0.977344 0.492188 0.042188 0.059375
3 0.337500 0.835938 0.075000 0.059375
3 0.122656 0.549219 0.048438 0.057813
3 0.946875 0.664844 0.059375 0.060937
3 0.149219 0.570312 0.048438 0.056250
3 0.305469 0.897656 0.076563 0.060937
3 0.020313 0.475781 0.037500 0.067187
3 0.322656 0.871875 0.073438 0.059375
3 0.915625 0.642187 0.059375 0.056250
3 0.198437 0.606250 0.059375 0.062500
3 0.489844 0.957031 0.054688 0.060937
3 0.834375 0.575781 0.062500 0.064062
3 0.861719 0.595312 0.060937 0.062500
3 0.785937 0.533594 0.059375 0.064062
3 0.379687 0.783594 0.065625 0.054688
3 0.357031 0.814062 0.067187 0.056250
3 0.942969 0.445312 0.067187 0.062500
3 0.260156 0.643750 0.060937 0.075000
