3 0.743750 0.342187 0.050000 0.056250
3 0.914844 0.246875 0.064062 0.062500
3 0.861719 0.200781 0.057813 0.057813
3 0.350000 0.015625 0.046875 0.028125
3 0.933594 0.273438 0.064062 0.065625
3 0.835938 0.175781 0.056250 0.057813
3 0.975000 0.315625 0.043750 0.071875
3 0.977344 0.634375 0.045312 0.071875
3 0.639062 0.257812 0.068750 0.065625
3 0.716406 0.320312 0.051562 0.053125
3 0.434375 0.076563 0.062500 0.062500
3 0.812500 0.152344 0.056250 0.060937
3 0.762500 0.369531 0.059375 0.060937
3 0.483594 0.216406 0.057813 0.054688
3 0.827344 0.415625 0.054688 0.059375
3 0.657813 0.267188 0.065625 0.062500
3 0.410938 0.057031 0.062500 0.064062
3 0.382812 0.031250 0.053125 0.056250
3 0.460156 0.100781 0.054688 0.057813
3 0.799219 0.389062 0.054688 0.059375
3 0.779687 0.133594 0.065625 0.067187
3 0.588281 0.203906 0.060937 0.060937
3 0.492188 0.123438 0.059375 0.062500
3 0.888281 0.227344 0.057813 0.057813
3 0.625781 0.078906 0.064062 0.070312
