1 0.410938 0.409375 0.271875 0.118750
0 0.990625 0.226562 0.018750 0.053125
1 0.036719 0.929688 0.067187 0.046875
0 0.150781 0.015625 0.051562 0.028125
1 0.046094 0.850781 0.076563 0.045312
0 0.984375 0.181250 0.031250 0.050000
1 0.060156 0.521094 0.107813 0.076563
1 0.121875 0.378906 0.103125 0.064062
0 0.079687 0.034375 0.059375 0.040625
0 0.035156 0.468750 0.067187 0.046875
0 0.028906 0.415625 0.054688 0.043750
4 0.572656 0.496875 0.079687 0.053125
4 0.583594 0.534375 0.079687 0.053125
4 0.599219 0.575000 0.079687 0.053125
4 0.608594 0.617188 0.079687 0.053125
4 0.625781 0.660937 0.079687 0.053125
4 0.635156 0.698438 0.079687 0.053125
4 0.647656 0.735938 0.079687 0.053125
4 0.658594 0.778125 0.079687 0.053125
4 0.669531 0.823438 0.079687 0.053125
4 0.683594 0.862500 0.079687 0.053125
4 0.696094 0.903125 0.079687 0.053125
0 0.060937 0.010156 0.065625 0.017188
