3 0.225781 0.349219 0.054688 0.029687
3 0.468750 0.267969 0.071875 0.035937
3 0.382812 0.310156 0.068750 0.048438
3 0.606250 0.302344 0.056250 0.029687
3 0.452344 0.378125 0.073438 0.037500
3 0.232031 0.315625 0.054688 0.031250
3 0.186719 0.517969 0.064062 0.035937
3 0.350781 0.056250 0.045312 0.065625
3 0.634375 0.198437 0.068750 0.037500
3 0.420312 0.060156 0.037500 0.064062
3 0.556250 0.083594 0.040625 0.073438
3 0.387500 0.050000 0.040625 0.065625
3 0.235156 0.213281 0.064062 0.032813
3 0.620313 0.269531 0.062500 0.032813
3 0.207813 0.451562 0.062500 0.034375
3 0.232031 0.248438 0.070312 0.034375
3 0.596094 0.471875 0.070312 0.034375
3 0.589844 0.089063 0.039062 0.075000
3 0.488281 0.580469 0.045312 0.073438
3 0.607031 0.341406 0.064062 0.032813
3 0.486719 0.075781 0.045312 0.079687
3 0.380469 0.292969 0.070312 0.035937
3 0.629687 0.234375 0.068750 0.037500
3 0.606250 0.408594 0.065625 0.039062
3 0.378906 0.330469 0.073438 0.039062
3 0.602344 0.509375 0.076563 0.037500
3 0.454688 0.305469 0.071875 0.035937
