4 0.825781 0.043750 0.048438 0.071875
0 0.910156 0.031250 0.054688 0.059375
4 0.400000 0.038281 0.078125 0.051562
4 0.750000 0.065625 0.046875 0.068750
3 0.579688 0.466406 0.059375 0.035937
3 0.353125 0.450000 0.071875 0.043750
4 0.790625 0.050781 0.046875 0.070312
3 0.559375 0.434375 0.065625 0.040625
3 0.258594 0.542188 0.039062 0.075000
3 0.546875 0.391406 0.081250 0.051562
3 0.391406 0.536719 0.076563 0.045312
3 0.375000 0.492188 0.081250 0.046875
3 0.394531 0.587500 0.070312 0.040625
1 0.878125 0.052344 0.056250 0.092188
