1 0.723437 0.809375 0.103125 0.059375
2 0.585938 0.716406 0.059375 0.092188
0 0.319531 0.842187 0.029687 0.050000
0 0.463281 0.792969 0.048438 0.073438
1 0.107031 0.739844 0.070312 0.104688
1 0.099219 0.835156 0.048438 0.073438
0 0.271094 0.693750 0.042188 0.068750
1 0.296094 0.775781 0.057813 0.092188
2 0.541406 0.727344 0.054688 0.095312
0 0.449219 0.742188 0.048438 0.084375
1 0.010937 0.724219 0.018750 0.092188
0 0.340625 0.560937 0.059375 0.056250
1 0.470313 0.662500 0.059375 0.106250
0 0.021875 0.633594 0.040625 0.060937
0 0.186719 0.863281 0.045312 0.073438
2 0.926562 0.684375 0.075000 0.081250
0 0.134375 0.690625 0.043750 0.065625
0 0.504687 0.753125 0.046875 0.068750
2 0.639062 0.707031 0.050000 0.085938
0 0.226562 0.832031 0.043750 0.064062
1 0.065625 0.754687 0.059375 0.096875
1 0.167969 0.654687 0.057813 0.100000
2 0.685937 0.692969 0.053125 0.082812
1 0.191406 0.523438 0.107813 0.059375
1 0.338281 0.774219 0.057813 0.095312
1 0.403125 0.748437 0.053125 0.100000
2 0.748437 0.672656 0.053125 0.079687
2 0.620313 0.836719 0.087500 0.060937
0 0.077344 0.651563 0.048438 0.068750
0 0.242969 0.625000 0.048438 0.068750
0 0.224219 0.690625 0.048438 0.068750
0 0.244531 0.753125 0.048438 0.068750
0 0.199219 0.742188 0.048438 0.068750
0 0.163281 0.785937 0.048438 0.068750
0 0.077344 0.885938 0.048438 0.068750
0 0.039844 0.884375 0.048438 0.068750
0 0.025000 0.821875 0.046875 0.068750
0 0.324219 0.693750 0.048438 0.068750
0 0.263281 0.814844 0.045312 0.073438
1 0.127344 0.828906 0.048438 0.073438
