1 0.982812 0.777344 0.034375 0.082812
0 0.195312 0.606250 0.046875 0.071875
1 0.335938 0.971094 0.062500 0.057813
0 0.874219 0.816406 0.057813 0.098437
1 0.985938 0.678906 0.028125 0.089063
1 0.796875 0.841406 0.056250 0.089063
0 0.227344 0.597656 0.045312 0.067187
0 0.299219 0.982031 0.048438 0.035937
0 0.017969 0.771094 0.032813 0.067187
1 0.642188 0.891406 0.056250 0.092188
0 0.076563 0.741406 0.056250 0.076563
1 0.842187 0.721094 0.056250 0.089063
1 0.420312 0.956250 0.068750 0.084375
1 0.723437 0.870313 0.056250 0.090625
0 0.111719 0.732812 0.054688 0.071875
1 0.808594 0.728906 0.054688 0.089063
0 0.249219 0.687500 0.051562 0.065625
1 0.042188 0.971875 0.068750 0.056250
0 0.028906 0.671875 0.045312 0.065625
0 0.258594 0.592969 0.045312 0.067187
0 0.095312 0.644531 0.043750 0.064062
0 0.143750 0.718750 0.053125 0.075000
1 0.922656 0.703906 0.057813 0.085938
1 0.417969 0.848437 0.067187 0.081250
1 0.966406 0.687500 0.057813 0.090625
1 0.880469 0.715625 0.057813 0.087500
0 0.062500 0.655469 0.046875 0.067187
1 0.650000 0.778125 0.059375 0.087500
1 0.828906 0.830469 0.057813 0.092188
1 0.217969 0.923438 0.064062 0.087500
1 0.521875 0.933594 0.056250 0.095312
1 0.530469 0.821875 0.057813 0.084375
1 0.758594 0.860156 0.057813 0.092188
1 0.482812 0.946875 0.056250 0.096875
1 0.770312 0.743750 0.059375 0.090625
1 0.296094 0.893750 0.067187 0.084375
0 0.179688 0.710938 0.046875 0.068750
1 0.253906 0.912500 0.064062 0.084375
1 0.606250 0.791406 0.056250 0.082812
1 0.331250 0.875000 0.068750 0.084375
0 0.128906 0.633594 0.045312 0.067187
1 0.912500 0.801562 0.056250 0.093750
1 0.465625 0.840625 0.062500 0.084375
0 0.213281 0.699219 0.048438 0.064062
1 0.569531 0.807031 0.057813 0.085938
1 0.155469 0.947656 0.064062 0.089063
0 0.162500 0.622656 0.043750 0.064062
1 0.786719 0.087500 0.085938 0.137500
0 0.047656 0.755469 0.042188 0.067187
0 0.283594 0.574219 0.045312 0.067187
0 0.317969 0.560156 0.045312 0.067187
0 0.353906 0.550781 0.045312 0.067187
0 0.382031 0.539844 0.045312 0.067187
0 0.414844 0.528906 0.045312 0.067187
0 0.447656 0.514844 0.045312 0.067187
0 0.485156 0.507031 0.045312 0.067187
0 0.519531 0.486719 0.045312 0.067187
0 0.547656 0.477344 0.045312 0.067187
0 0.580469 0.469531 0.045312 0.067187
0 0.608594 0.453906 0.045312 0.067187
0 0.650781 0.447656 0.045312 0.067187
0 0.682031 0.428906 0.045312 0.067187
0 0.716406 0.411719 0.045312 0.067187
0 0.750781 0.399219 0.045312 0.067187
0 0.780469 0.385156 0.045312 0.067187
0 0.814844 0.375781 0.045312 0.067187
0 0.841406 0.352344 0.045312 0.067187
0 0.875781 0.338281 0.045312 0.067187
0 0.907031 0.321094 0.045312 0.067187
0 0.936719 0.313281 0.045312 0.067187
0 0.967969 0.305469 0.045312 0.067187
0 0.311719 0.656250 0.051562 0.065625
0 0.341406 0.642188 0.051562 0.065625
0 0.374219 0.632812 0.051562 0.065625
0 0.408594 0.620313 0.051562 0.065625
0 0.439844 0.603125 0.051562 0.065625
0 0.477344 0.595313 0.051562 0.065625
0 0.513281 0.579688 0.051562 0.065625
0 0.542969 0.570312 0.051562 0.065625
0 0.575781 0.554688 0.051562 0.065625
0 0.614844 0.542188 0.051562 0.065625
0 0.652344 0.528125 0.051562 0.065625
0 0.683594 0.514062 0.051562 0.065625
0 0.714844 0.504687 0.051562 0.065625
0 0.747656 0.485938 0.051562 0.065625
0 0.775781 0.475000 0.051562 0.065625
0 0.803906 0.462500 0.051562 0.065625
0 0.842969 0.443750 0.051562 0.065625
0 0.871094 0.428125 0.051562 0.065625
0 0.907031 0.417187 0.051562 0.065625
0 0.933594 0.401562 0.051562 0.065625
0 0.963281 0.392188 0.051562 0.065625
0 0.986719 0.386719 0.026562 0.067187
