2 0.988281 0.275781 0.023438 0.082812
1 0.326562 0.932813 0.075000 0.087500
2 0.396875 0.727344 0.071875 0.092188
2 0.849219 0.402344 0.070312 0.082812
2 0.652344 0.553906 0.073438 0.089063
2 0.796875 0.036719 0.078125 0.070312
2 0.842187 0.030469 0.075000 0.057813
2 0.764844 0.064844 0.070312 0.076563
2 0.139063 0.427344 0.081250 0.082812
2 0.967187 0.315625 0.065625 0.087500
2 0.358594 0.757812 0.073438 0.084375
2 0.811719 0.438281 0.073438 0.092188
2 0.522656 0.642969 0.073438 0.082812
2 0.609375 0.582812 0.075000 0.093750
2 0.442969 0.700000 0.079687 0.090625
2 0.730469 0.490625 0.076563 0.090625
2 0.565625 0.614062 0.071875 0.090625
2 0.689844 0.525000 0.070312 0.093750
2 0.890625 0.376563 0.078125 0.090625
1 0.315625 0.819531 0.115625 0.089063
