3 0.243750 0.098437 0.056250 0.034375
3 0.141406 0.637500 0.067187 0.046875
3 0.384375 0.278906 0.062500 0.039062
3 0.257031 0.021875 0.054688 0.037500
3 0.381250 0.315625 0.059375 0.040625
3 0.380469 0.349219 0.057813 0.039062
3 0.344531 0.438281 0.057813 0.032813
3 0.126562 0.750000 0.062500 0.037500
3 0.247656 0.054688 0.054688 0.034375
3 0.090625 0.943750 0.068750 0.037500
3 0.120313 0.823438 0.062500 0.040625
3 0.396875 0.234375 0.062500 0.037500
3 0.346875 0.479687 0.059375 0.037500
3 0.260937 0.984375 0.068750 0.031250
3 0.135937 0.674219 0.065625 0.039062
3 0.108594 0.862500 0.054688 0.034375
3 0.404687 0.199219 0.059375 0.039062
3 0.420312 0.081250 0.068750 0.046875
3 0.371875 0.393750 0.065625 0.043750
3 0.098437 0.903125 0.071875 0.040625
3 0.407813 0.160156 0.065625 0.039062
3 0.150781 0.592187 0.079687 0.040625
3 0.088281 0.980469 0.070312 0.035937
3 0.148438 0.558594 0.065625 0.045312
3 0.429688 0.039844 0.068750 0.042188
3 0.332813 0.595313 0.068750 0.040625
3 0.125000 0.713281 0.056250 0.032813
3 0.228125 0.139844 0.068750 0.045312
3 0.348438 0.514062 0.065625 0.037500
3 0.331250 0.632031 0.062500 0.039062
3 0.345313 0.548438 0.065625 0.037500
3 0.165625 0.517969 0.065625 0.045312
3 0.123438 0.778125 0.062500 0.037500
