3 0.757031 0.898438 0.039062 0.078125
3 0.325000 0.635156 0.037500 0.089063
3 0.782813 0.610938 0.040625 0.084375
3 0.577344 0.628906 0.039062 0.073438
3 0.428125 0.924219 0.037500 0.076563
3 0.644531 0.429688 0.039062 0.081250
3 0.349219 0.923438 0.035937 0.078125
3 0.675000 0.894531 0.037500 0.073438
3 0.553125 0.907813 0.037500 0.081250
3 0.371875 0.648438 0.034375 0.071875
3 0.905469 0.603906 0.045312 0.085938
3 0.128906 0.747656 0.042188 0.085938
3 0.499219 0.717969 0.035937 0.079687
3 0.335156 0.729688 0.035937 0.078125
3 0.434375 0.446875 0.034375 0.068750
3 0.453125 0.639062 0.031250 0.075000
3 0.378125 0.728906 0.037500 0.076563
3 0.288281 0.657813 0.035937 0.065625
3 0.125781 0.664062 0.035937 0.078125
3 0.923438 0.880469 0.040625 0.082812
3 0.226562 0.935937 0.037500 0.075000
3 0.296875 0.737500 0.037500 0.078125
3 0.747656 0.698438 0.039062 0.081250
3 0.824219 0.607812 0.039062 0.081250
3 0.511719 0.914062 0.039062 0.081250
3 0.768750 0.417969 0.043750 0.076563
3 0.800781 0.893750 0.035937 0.078125
3 0.496094 0.635156 0.035937 0.073438
3 0.541406 0.716406 0.035937 0.073438
3 0.707031 0.704688 0.042188 0.087500
3 0.891406 0.407813 0.042188 0.075000
3 0.395313 0.450781 0.037500 0.076563
3 0.741406 0.616406 0.039062 0.076563
3 0.172656 0.745313 0.035937 0.078125
3 0.635938 0.907813 0.034375 0.071875
3 0.144531 0.950781 0.039062 0.076563
3 0.840625 0.889062 0.043750 0.090625
3 0.661719 0.707812 0.039062 0.075000
3 0.419531 0.725781 0.035937 0.079687
3 0.684375 0.434375 0.043750 0.078125
3 0.067187 0.481250 0.040625 0.081250
3 0.353906 0.453125 0.039062 0.081250
3 0.208594 0.653906 0.039062 0.079687
3 0.659375 0.620313 0.037500 0.075000
3 0.188281 0.953906 0.035937 0.073438
3 0.721094 0.898438 0.035937 0.078125
3 0.871094 0.685937 0.039062 0.084375
3 0.984375 0.603125 0.028125 0.075000
3 0.532031 0.435156 0.035937 0.079687
3 0.592187 0.907031 0.034375 0.073438
3 0.110156 0.481250 0.039062 0.078125
3 0.478125 0.443750 0.037500 0.075000
3 0.309375 0.925000 0.037500 0.084375
3 0.458594 0.721094 0.035937 0.073438
3 0.470313 0.924219 0.037500 0.082812
3 0.972656 0.410156 0.039062 0.073438
3 0.266406 0.929688 0.035937 0.075000
3 0.946875 0.604688 0.037500 0.078125
3 0.792188 0.700781 0.040625 0.082812
3 0.384375 0.928906 0.034375 0.076563
3 0.970313 0.879687 0.037500 0.071875
3 0.410156 0.639062 0.039062 0.081250
3 0.866406 0.607031 0.032813 0.085938
3 0.984375 0.689063 0.031250 0.081250
3 0.835156 0.698438 0.039062 0.084375
3 0.621875 0.717187 0.037500 0.081250
3 0.208594 0.740625 0.035937 0.078125
