0 0.634375 0.953125 0.078125 0.040625
0 0.640625 0.550781 0.068750 0.039062
0 0.633594 0.233594 0.070312 0.039062
0 0.636719 0.987500 0.073438 0.025000
1 0.392188 0.989062 0.096875 0.021875
0 0.628906 0.025000 0.070312 0.040625
0 0.634375 0.190625 0.071875 0.040625
0 0.632031 0.106250 0.070312 0.040625
0 0.639062 0.349219 0.065625 0.039062
1 0.397656 0.901563 0.107813 0.043750
0 0.632812 0.876563 0.065625 0.037500
0 0.637500 0.384375 0.065625 0.040625
0 0.620313 0.757812 0.065625 0.037500
0 0.634375 0.150000 0.068750 0.040625
0 0.621094 0.795312 0.067187 0.037500
0 0.639062 0.675000 0.065625 0.037500
0 0.640625 0.632812 0.065625 0.037500
