3 0.438281 0.592187 0.073438 0.075000
3 0.333594 0.308594 0.045312 0.067187
3 0.298438 0.082031 0.090625 0.048438
3 0.985938 0.845313 0.028125 0.075000
3 0.946094 0.805469 0.045312 0.082812
3 0.900000 0.778906 0.034375 0.082812
3 0.770312 0.661719 0.053125 0.098437
3 0.644531 0.554688 0.048438 0.087500
3 0.594531 0.515625 0.042188 0.084375
3 0.548438 0.489063 0.034375 0.075000
3 0.469531 0.408594 0.045312 0.067187
3 0.418750 0.377344 0.040625 0.082812
3 0.384375 0.163281 0.090625 0.048438
3 0.432812 0.197656 0.071875 0.039062
3 0.456250 0.236719 0.071875 0.039062
3 0.556250 0.300781 0.090625 0.048438
3 0.606250 0.349219 0.071875 0.039062
3 0.867188 0.549219 0.071875 0.039062
3 0.893750 0.591406 0.071875 0.039062
3 0.906250 0.674219 0.068750 0.064062
