2 0.317969 0.491406 0.101562 0.051562
2 0.011719 0.373437 0.020313 0.059375
2 0.012500 0.602344 0.021875 0.054688
2 0.550781 0.935937 0.107813 0.053125
2 0.321875 0.435937 0.109375 0.053125
2 0.076563 0.378906 0.118750 0.057813
2 0.555469 0.775000 0.101562 0.050000
2 0.085938 0.867188 0.115625 0.053125
2 0.428125 0.878125 0.115625 0.053125
2 0.199219 0.767188 0.117188 0.053125
2 0.796094 0.782813 0.107813 0.053125
2 0.124219 0.323437 0.110937 0.056250
2 0.855469 0.277344 0.104688 0.048438
2 0.353906 0.325000 0.110937 0.056250
2 0.669531 0.943750 0.107813 0.050000
2 0.677344 0.720313 0.107813 0.050000
2 0.667188 0.985938 0.106250 0.028125
2 0.796875 0.669531 0.109375 0.054688
2 0.084375 0.982031 0.115625 0.035937
2 0.792969 0.832812 0.107813 0.053125
2 0.193750 0.602344 0.112500 0.057813
2 0.788281 0.885156 0.107813 0.054688
2 0.356250 0.272656 0.112500 0.057813
2 0.203906 0.982031 0.110937 0.035937
2 0.555469 0.717187 0.107813 0.053125
2 0.852344 0.168750 0.107813 0.056250
2 0.555469 0.664062 0.107813 0.053125
2 0.439844 0.436719 0.114062 0.051562
2 0.132812 0.159375 0.109375 0.059375
2 0.437500 0.601562 0.121875 0.062500
2 0.681250 0.499219 0.109375 0.051562
2 0.236719 0.325781 0.104688 0.054688
2 0.039844 0.152344 0.076563 0.057813
2 0.432812 0.494531 0.109375 0.057813
2 0.807031 0.446094 0.110937 0.054688
2 0.199219 0.488281 0.114062 0.057813
2 0.435937 0.714063 0.106250 0.056250
2 0.809375 0.501563 0.112500 0.053125
2 0.197656 0.870313 0.114062 0.062500
2 0.321094 0.379688 0.107813 0.053125
2 0.431250 0.660156 0.109375 0.057813
2 0.915625 0.787500 0.112500 0.056250
2 0.127344 0.268750 0.110937 0.059375
2 0.679688 0.665625 0.106250 0.050000
2 0.310156 0.875781 0.120313 0.057813
2 0.311719 0.982031 0.110937 0.035937
2 0.914844 0.450781 0.120313 0.057813
2 0.435156 0.773438 0.110937 0.053125
2 0.318750 0.765625 0.106250 0.056250
2 0.202344 0.379688 0.114062 0.053125
2 0.079687 0.433594 0.112500 0.057813
2 0.077344 0.488281 0.107813 0.057813
2 0.738281 0.276562 0.104688 0.053125
2 0.910937 0.506250 0.112500 0.056250
2 0.322656 0.602344 0.114062 0.057813
2 0.198437 0.710938 0.115625 0.056250
2 0.557813 0.498437 0.109375 0.053125
2 0.037500 0.210938 0.071875 0.059375
2 0.079687 0.604688 0.115625 0.053125
2 0.557031 0.607812 0.104688 0.053125
2 0.245312 0.211719 0.112500 0.057813
2 0.128906 0.213281 0.110937 0.060937
2 0.730469 0.167969 0.107813 0.057813
2 0.037500 0.267969 0.071875 0.054688
2 0.805469 0.604688 0.110937 0.056250
2 0.359375 0.215625 0.109375 0.056250
2 0.853906 0.392188 0.110937 0.056250
2 0.240625 0.268750 0.112500 0.062500
2 0.606250 0.167969 0.109375 0.054688
2 0.607031 0.223438 0.107813 0.050000
2 0.246094 0.157812 0.114062 0.059375
2 0.605469 0.278125 0.110937 0.050000
2 0.727344 0.391406 0.114062 0.054688
2 0.681250 0.609375 0.106250 0.053125
2 0.918750 0.607031 0.115625 0.057813
2 0.484375 0.276562 0.103125 0.050000
2 0.202344 0.435156 0.110937 0.057813
2 0.557813 0.442969 0.109375 0.054688
2 0.917188 0.678906 0.109375 0.057813
2 0.484375 0.221875 0.103125 0.050000
2 0.482031 0.385156 0.110937 0.051562
2 0.319531 0.712500 0.114062 0.059375
2 0.361719 0.157812 0.114062 0.059375
2 0.606250 0.385937 0.112500 0.056250
2 0.481250 0.164844 0.106250 0.054688
2 0.429688 0.982812 0.115625 0.034375
2 0.553125 0.982812 0.109375 0.034375
2 0.789062 0.939063 0.109375 0.053125
2 0.787500 0.984375 0.112500 0.031250
2 0.912500 0.945312 0.109375 0.053125
2 0.909375 0.889062 0.109375 0.053125
2 0.914062 0.837500 0.109375 0.053125
2 0.685156 0.778125 0.107813 0.053125
2 0.677344 0.831250 0.107813 0.053125
2 0.666406 0.882812 0.107813 0.053125
2 0.550781 0.879687 0.107813 0.053125
2 0.553906 0.826562 0.107813 0.053125
2 0.075781 0.764844 0.107813 0.054688
2 0.074219 0.710156 0.107813 0.054688
2 0.963281 0.280469 0.073438 0.048438
2 0.954688 0.392188 0.090625 0.059375
2 0.679688 0.439844 0.109375 0.054688
2 0.037500 0.321094 0.071875 0.054688
2 0.909375 0.984375 0.112500 0.031250
2 0.011719 0.428125 0.020313 0.059375
