4 0.358594 0.814844 0.076563 0.104688
1 0.217969 0.244531 0.107813 0.173437
4 0.474219 0.888281 0.079687 0.126562
4 0.194531 0.739062 0.067187 0.096875
1 0.905469 0.594531 0.117188 0.185938
1 0.125781 0.219531 0.107813 0.201563
1 0.679688 0.446875 0.096875 0.146875
4 0.252344 0.760938 0.079687 0.112500
1 0.469531 0.351562 0.092188 0.137500
1 0.321875 0.251563 0.075000 0.109375
1 0.418750 0.321094 0.084375 0.132812
1 0.268750 0.252344 0.084375 0.142187
1 0.180469 0.228906 0.098437 0.179688
4 0.136719 0.705469 0.060937 0.082812
1 0.526563 0.376563 0.084375 0.134375
1 0.573438 0.395313 0.093750 0.153125
1 0.787500 0.508594 0.109375 0.157812
1 0.356250 0.284375 0.084375 0.128125
0 0.702344 0.659375 0.060937 0.075000
1 0.595313 0.936719 0.093750 0.126562
4 0.264062 0.954688 0.068750 0.084375
1 0.020313 0.646875 0.037500 0.112500
4 0.412500 0.826562 0.068750 0.090625
4 0.057813 0.646094 0.053125 0.067187
