3 0.279687 0.395313 0.078125 0.056250
3 0.110937 0.346875 0.078125 0.056250
3 0.075000 0.823438 0.078125 0.056250
3 0.370312 0.209375 0.078125 0.056250
2 0.548438 0.107813 0.068750 0.090625
2 0.506250 0.185156 0.068750 0.089063
2 0.466406 0.270313 0.070312 0.090625
2 0.429688 0.351562 0.068750 0.090625
2 0.704688 0.573438 0.068750 0.090625
2 0.843750 0.631250 0.068750 0.090625
2 0.939063 0.669531 0.068750 0.089063
2 0.744531 0.489063 0.070312 0.090625
2 0.771875 0.404687 0.068750 0.090625
2 0.810156 0.313281 0.070312 0.089063
2 0.889062 0.213281 0.068750 0.089063
2 0.948438 0.055469 0.065625 0.095312
