3 0.251563 0.270313 0.062500 0.103125
3 0.501563 0.380469 0.065625 0.085938
3 0.549219 0.402344 0.054688 0.076563
3 0.591406 0.433594 0.073438 0.107813
3 0.639844 0.450781 0.073438 0.107813
3 0.685156 0.471094 0.073438 0.107813
3 0.846094 0.813281 0.060937 0.079687
3 0.251563 0.546875 0.068750 0.081250
3 0.380469 0.594531 0.070312 0.104688
3 0.425781 0.604688 0.064062 0.087500
3 0.455469 0.651563 0.064062 0.087500
3 0.496875 0.666406 0.056250 0.070312
3 0.549219 0.688281 0.057813 0.082812
3 0.761719 0.776563 0.067187 0.081250
3 0.805469 0.790625 0.060937 0.081250
3 0.148438 0.488281 0.053125 0.076563
3 0.103906 0.475000 0.060937 0.078125
3 0.071094 0.453125 0.054688 0.075000
3 0.028906 0.428906 0.054688 0.104688
3 0.128125 0.739844 0.078125 0.051562
3 0.054688 0.714844 0.078125 0.051562
3 0.039844 0.753906 0.076563 0.051562
3 0.108594 0.782813 0.082812 0.050000
3 0.082812 0.817187 0.090625 0.065625
3 0.074219 0.864062 0.085938 0.053125
3 0.064844 0.906250 0.085938 0.053125
3 0.028125 0.972656 0.053125 0.054688
