3 0.937500 0.331250 0.053125 0.068750
3 0.986719 0.173437 0.026562 0.059375
3 0.955469 0.101562 0.051562 0.062500
3 0.622656 0.050000 0.048438 0.093750
3 0.090625 0.580469 0.059375 0.039062
3 0.477344 0.579688 0.060937 0.037500
3 0.879687 0.167187 0.046875 0.062500
3 0.082812 0.504687 0.062500 0.043750
3 0.095312 0.546094 0.059375 0.039062
3 0.587500 0.666406 0.059375 0.039062
3 0.087500 0.617969 0.059375 0.039062
3 0.103906 0.746094 0.057813 0.039062
3 0.543750 0.620313 0.065625 0.037500
3 0.100000 0.703125 0.059375 0.037500
3 0.101562 0.664844 0.056250 0.035937
3 0.853125 0.330469 0.043750 0.064062
3 0.094531 0.440625 0.042188 0.065625
