3 0.227344 0.481250 0.089063 0.059375
3 0.239844 0.342969 0.082812 0.070312
3 0.338281 0.285938 0.076563 0.065625
3 0.420312 0.296875 0.093750 0.081250
3 0.458594 0.202344 0.082812 0.073438
3 0.535156 0.221875 0.079687 0.065625
3 0.591406 0.107031 0.104688 0.079687
3 0.653125 0.154688 0.084375 0.068750
3 0.749219 0.028125 0.079687 0.053125
3 0.802344 0.064062 0.079687 0.062500
3 0.384375 0.392969 0.100000 0.089063
3 0.273438 0.396094 0.081250 0.070312
3 0.381250 0.922656 0.090625 0.098437
3 0.450781 0.864844 0.070312 0.076563
3 0.480469 0.832031 0.064062 0.073438
3 0.517969 0.808594 0.070312 0.082812
3 0.560156 0.785156 0.085938 0.095312
3 0.588281 0.755469 0.076563 0.085938
3 0.632031 0.725781 0.076563 0.085938
3 0.666406 0.702344 0.076563 0.085938
3 0.699219 0.679688 0.070312 0.075000
3 0.736719 0.642188 0.070312 0.075000
