3 0.070312 0.252344 0.062500 0.054688
3 0.025000 0.327344 0.050000 0.051562
3 0.014844 0.142188 0.026562 0.056250
3 0.026562 0.170312 0.050000 0.056250
3 0.083594 0.290625 0.057813 0.046875
3 0.017188 0.294531 0.031250 0.048438
3 0.869531 0.014844 0.054688 0.029687
3 0.755469 0.058594 0.048438 0.067187
3 0.553906 0.167187 0.060937 0.059375
3 0.035156 0.198437 0.064062 0.056250
3 0.518750 0.182812 0.062500 0.053125
3 0.829687 0.024219 0.046875 0.048438
3 0.116406 0.350000 0.060937 0.046875
3 0.237500 0.131250 0.065625 0.053125
3 0.789062 0.035156 0.050000 0.064062
3 0.716406 0.072656 0.054688 0.073438
3 0.098437 0.319531 0.062500 0.051562
