3 0.139063 0.178906 0.056250 0.032813
3 0.765625 0.336719 0.056250 0.051562
3 0.578906 0.142969 0.067187 0.039062
3 0.738281 0.364844 0.064062 0.057813
3 0.781250 0.307812 0.056250 0.053125
3 0.749219 0.778906 0.070312 0.051562
3 0.782031 0.308594 0.057813 0.051562
3 0.849219 0.590625 0.067187 0.053125
3 0.749219 0.010156 0.070312 0.017188
3 0.421094 0.900000 0.082812 0.046875
3 0.694531 0.870313 0.054688 0.040625
3 0.861719 0.198437 0.070312 0.056250
3 0.863281 0.560937 0.073438 0.053125
3 0.800781 0.282031 0.060937 0.054688
3 0.901563 0.141406 0.068750 0.064062
3 0.715625 0.847656 0.056250 0.048438
3 0.403906 0.972656 0.070312 0.042188
3 0.333594 0.119531 0.064062 0.035937
3 0.766406 0.744531 0.073438 0.057813
3 0.967969 0.058594 0.060937 0.057813
3 0.835938 0.225781 0.068750 0.057813
3 0.407813 0.932813 0.065625 0.037500
3 0.881250 0.174219 0.065625 0.057813
3 0.417187 0.128125 0.062500 0.034375
3 0.943750 0.088281 0.065625 0.054688
