1 0.015625 0.822656 0.028125 0.089063
1 0.621094 0.677344 0.042188 0.085938
1 0.527344 0.764844 0.039062 0.085938
1 0.753125 0.576562 0.056250 0.090625
1 0.689844 0.631250 0.051562 0.093750
1 0.294531 0.310156 0.089063 0.054688
1 0.559375 0.745313 0.037500 0.081250
1 0.754687 0.764062 0.075000 0.096875
1 0.718750 0.787500 0.068750 0.093750
1 0.657031 0.657031 0.045312 0.098437
1 0.493750 0.795312 0.040625 0.100000
1 0.785156 0.553125 0.054688 0.090625
1 0.817187 0.539844 0.053125 0.098437
1 0.723437 0.602344 0.053125 0.085938
1 0.791406 0.219531 0.064062 0.085938
1 0.678906 0.819531 0.070312 0.089063
1 0.028906 0.792969 0.054688 0.095312
1 0.174219 0.397656 0.092188 0.060937
1 0.075781 0.447656 0.089063 0.057813
1 0.843750 0.514062 0.053125 0.096875
1 0.885938 0.492188 0.056250 0.100000
1 0.916406 0.453906 0.051562 0.092188
1 0.507031 0.144531 0.095312 0.064062
1 0.440625 0.717969 0.078125 0.070312
1 0.059375 0.768750 0.068750 0.096875
1 0.454688 0.461719 0.062500 0.085938
1 0.610938 0.360156 0.065625 0.079687
1 0.496875 0.432031 0.068750 0.089063
1 0.929688 0.641406 0.078125 0.092188
1 0.526563 0.408594 0.071875 0.089063
1 0.592969 0.722656 0.042188 0.082812
