3 0.986719 0.243750 0.026562 0.062500
4 0.401562 0.170313 0.103125 0.109375
3 0.450000 0.049219 0.050000 0.095312
3 0.876563 0.592187 0.068750 0.043750
3 0.771875 0.475781 0.043750 0.076563
3 0.953906 0.651563 0.067187 0.040625
3 0.971094 0.604688 0.057813 0.046875
3 0.806250 0.489844 0.043750 0.067187
3 0.739062 0.460156 0.037500 0.064062
3 0.693750 0.425000 0.040625 0.084375
3 0.669531 0.521094 0.045312 0.085938
3 0.643750 0.425781 0.037500 0.085938
3 0.843750 0.627344 0.065625 0.039062
3 0.480469 0.584375 0.070312 0.037500
3 0.523438 0.438281 0.043750 0.064062
3 0.560156 0.700781 0.076563 0.039062
