0 0.010156 0.832812 0.017188 0.050000
1 0.405469 0.836719 0.154688 0.098437
3 0.654687 0.292187 0.043750 0.065625
3 0.725781 0.503906 0.051562 0.079687
3 0.583594 0.562500 0.048438 0.075000
3 0.892969 0.401562 0.045312 0.071875
3 0.828906 0.439844 0.045312 0.070312
0 0.025781 0.916406 0.048438 0.048438
3 0.762500 0.489844 0.050000 0.073438
3 0.787500 0.459375 0.050000 0.071875
3 0.536719 0.353906 0.051562 0.089063
0 0.035156 0.955469 0.064062 0.051562
3 0.922656 0.204687 0.057813 0.096875
3 0.699219 0.284375 0.054688 0.090625
3 0.870313 0.217188 0.059375 0.096875
3 0.611719 0.306250 0.060937 0.096875
3 0.567969 0.314063 0.048438 0.078125
0 0.018750 0.878125 0.034375 0.046875
3 0.487500 0.357031 0.043750 0.076563
0 0.430469 0.120313 0.042188 0.062500
