0 0.944531 0.024219 0.057813 0.045312
0 0.735938 0.191406 0.059375 0.064062
0 0.862500 0.082031 0.062500 0.067187
4 0.079687 0.969531 0.112500 0.060937
0 0.756250 0.173437 0.050000 0.059375
0 0.976562 0.073438 0.046875 0.062500
0 0.888281 0.061719 0.057813 0.064062
0 0.910937 0.040625 0.059375 0.062500
0 0.782813 0.150000 0.062500 0.065625
0 0.835938 0.102344 0.059375 0.070312
0 0.700000 0.219531 0.059375 0.060937
0 0.810156 0.123438 0.057813 0.068750
1 0.321094 0.950000 0.110937 0.081250
1 0.400000 0.756250 0.115625 0.065625
1 0.776563 0.869531 0.109375 0.101562
1 0.380469 0.814063 0.117188 0.065625
1 0.440625 0.621875 0.134375 0.090625
1 0.418750 0.692969 0.121875 0.073438
1 0.341406 0.904687 0.123438 0.081250
0 0.980469 0.017188 0.039062 0.031250
