3 0.118750 0.380469 0.087500 0.045313
3 0.121875 0.535156 0.087500 0.045313
3 0.128125 0.608594 0.087500 0.045313
3 0.131250 0.653125 0.075000 0.040625
3 0.326563 0.486719 0.081250 0.045313
3 0.309375 0.371094 0.081250 0.045313
3 0.392188 0.371094 0.081250 0.045313
3 0.412500 0.438281 0.081250 0.045313
3 0.403125 0.525781 0.081250 0.045313
3 0.323438 0.567969 0.081250 0.045313
3 0.414062 0.603906 0.081250 0.045313
3 0.420313 0.717969 0.081250 0.045313
3 0.425000 0.794531 0.081250 0.045313
3 0.723438 0.747656 0.081250 0.045313
3 0.731250 0.594531 0.081250 0.045313
3 0.723438 0.557031 0.081250 0.045313
3 0.723438 0.477344 0.081250 0.045313
3 0.720313 0.432031 0.081250 0.045313
3 0.712500 0.371094 0.081250 0.045313
3 0.601562 0.363281 0.081250 0.045313
3 0.604688 0.439844 0.081250 0.045313
3 0.601562 0.638281 0.103125 0.051563
3 0.307813 0.210156 0.078125 0.076563
3 0.360156 0.205469 0.060938 0.064063
3 0.428125 0.203125 0.078125 0.059375
