2 0.300781 0.964063 0.067187 0.046875
0 0.026562 0.466406 0.053125 0.076563
0 0.228906 0.842969 0.064062 0.057813
0 0.254687 0.889063 0.059375 0.053125
0 0.069531 0.566406 0.070312 0.054688
0 0.103125 0.627344 0.068750 0.051562
0 0.080469 0.593750 0.067187 0.050000
0 0.051562 0.527344 0.068750 0.054688
0 0.178906 0.762500 0.060937 0.050000
0 0.239844 0.860156 0.067187 0.051562
0 0.217969 0.824219 0.064062 0.051562
0 0.125000 0.663281 0.068750 0.054688
0 0.165625 0.728906 0.068750 0.054688
0 0.201562 0.793750 0.065625 0.053125
