1 0.217188 0.100781 0.050000 0.126562
1 0.278906 0.103906 0.051562 0.126562
1 0.029687 0.576562 0.056250 0.112500
1 0.479687 0.604688 0.050000 0.125000
1 0.594531 0.607031 0.051562 0.126562
1 0.791406 0.635938 0.051562 0.125000
1 0.595313 0.951562 0.050000 0.093750
1 0.520312 0.963281 0.053125 0.073438
1 0.785937 0.960938 0.050000 0.078125
1 0.860938 0.953906 0.062500 0.092188
1 0.968750 0.945312 0.062500 0.109375
1 0.317188 0.967187 0.056250 0.065625
1 0.017188 0.975781 0.028125 0.048438
1 0.594531 0.453906 0.226562 0.079687
1 0.825781 0.493750 0.226562 0.068750
1 0.985938 0.207813 0.028125 0.131250
1 0.247656 0.974219 0.057813 0.051562
