4 0.590625 0.913281 0.037500 0.098437
2 0.742188 0.496875 0.037500 0.078125
4 0.539844 0.916406 0.039062 0.101562
4 0.539844 0.809375 0.045312 0.109375
1 0.496875 0.198437 0.031250 0.071875
2 0.864062 0.506250 0.040625 0.078125
2 0.124219 0.807031 0.048438 0.101562
2 0.049219 0.497656 0.039062 0.076563
2 0.805469 0.592187 0.039062 0.075000
4 0.430469 0.803125 0.042188 0.118750
1 0.688281 0.817969 0.045312 0.117188
1 0.315625 0.521094 0.034375 0.126562
2 0.798438 0.199219 0.062500 0.114062
2 0.261719 0.195312 0.045312 0.084375
