0 0.648438 0.228906 0.053125 0.057813
0 0.675000 0.249219 0.059375 0.060937
1 0.308594 0.025000 0.067187 0.046875
1 0.974219 0.830469 0.051562 0.135937
1 0.393750 0.055469 0.078125 0.092188
1 0.351562 0.037500 0.078125 0.071875
1 0.957812 0.805469 0.078125 0.135937
1 0.073438 0.129688 0.081250 0.093750
1 0.848437 0.717969 0.103125 0.139063
1 0.770312 0.664844 0.100000 0.126562
1 0.737500 0.640625 0.103125 0.121875
1 0.879687 0.743750 0.100000 0.131250
0 0.937500 0.435156 0.053125 0.060937
0 0.967187 0.460156 0.053125 0.064062
0 0.870313 0.383594 0.056250 0.060937
0 0.907031 0.410156 0.051562 0.060937
1 0.920312 0.775000 0.096875 0.134375
1 0.677344 0.566406 0.079687 0.098437
1 0.807813 0.692187 0.103125 0.128125
0 0.480469 0.106250 0.054688 0.062500
0 0.808594 0.339844 0.057813 0.060937
0 0.582031 0.178125 0.057813 0.059375
1 0.253125 0.261719 0.081250 0.095312
1 0.426563 0.388281 0.081250 0.098437
0 0.513281 0.128125 0.054688 0.059375
0 0.708594 0.273438 0.054688 0.059375
0 0.839063 0.360938 0.056250 0.059375
1 0.323437 0.309375 0.084375 0.093750
0 0.778125 0.317188 0.056250 0.062500
1 0.601562 0.516406 0.084375 0.101562
1 0.110937 0.158594 0.081250 0.098437
0 0.446094 0.081250 0.054688 0.062500
0 0.546094 0.151562 0.057813 0.065625
1 0.355469 0.335938 0.082812 0.096875
1 0.460938 0.414062 0.078125 0.096875
1 0.286719 0.286719 0.082812 0.098437
1 0.180469 0.210938 0.079687 0.096875
0 0.739844 0.294531 0.051562 0.054688
1 0.146875 0.185156 0.078125 0.092188
1 0.496094 0.437500 0.079687 0.093750
0 0.612500 0.203125 0.053125 0.059375
1 0.706250 0.600781 0.087500 0.107813
1 0.216406 0.236719 0.079687 0.095312
1 0.392188 0.362500 0.084375 0.096875
1 0.530469 0.459375 0.079687 0.093750
1 0.567969 0.489844 0.082812 0.095312
1 0.639844 0.542969 0.082812 0.098437
0 0.983594 0.478125 0.032813 0.056250
