2 0.603125 0.181250 0.071875 0.059375
2 0.759375 0.528125 0.075000 0.059375
2 0.522656 0.019531 0.082812 0.035937
4 0.058594 0.474219 0.070312 0.057813
2 0.699219 0.395313 0.076563 0.059375
2 0.736719 0.481250 0.076563 0.056250
2 0.716406 0.435156 0.079687 0.057813
2 0.657031 0.314063 0.079687 0.059375
2 0.639844 0.265625 0.076563 0.059375
2 0.579688 0.142187 0.075000 0.056250
2 0.557031 0.095312 0.076563 0.059375
2 0.396094 0.610938 0.095312 0.128125
2 0.507031 0.344531 0.089063 0.123438
2 0.680469 0.358594 0.079687 0.057813
2 0.592187 0.518750 0.090625 0.125000
1 0.286719 0.619531 0.142187 0.204687
