1 0.514062 0.954688 0.112500 0.059375
1 0.675781 0.364063 0.067187 0.128125
1 0.871094 0.928125 0.070312 0.115625
0 0.565625 0.817187 0.046875 0.065625
1 0.842969 0.824219 0.067187 0.110937
1 0.457813 0.773438 0.131250 0.068750
1 0.825781 0.942187 0.064062 0.115625
0 0.263281 0.867969 0.064062 0.042188
3 0.153125 0.472656 0.065625 0.045312
0 0.399219 0.446094 0.110937 0.048438
1 0.796094 0.837500 0.057813 0.109375
1 0.437500 0.657813 0.100000 0.056250
0 0.351562 0.919531 0.059375 0.039062
1 0.810156 0.717187 0.060937 0.103125
0 0.271875 0.906250 0.059375 0.040625
1 0.708594 0.346094 0.060937 0.114062
1 0.590625 0.662500 0.065625 0.190625
0 0.283594 0.939844 0.064062 0.039062
1 0.763281 0.732031 0.060937 0.114062
0 0.362500 0.957031 0.059375 0.042188
1 0.532813 0.667188 0.065625 0.143750
0 0.292187 0.975781 0.062500 0.039062
3 0.167969 0.501563 0.073438 0.050000
1 0.487500 0.838281 0.103125 0.067187
1 0.473438 0.808594 0.103125 0.067187
1 0.403125 0.550781 0.128125 0.067187
1 0.407031 0.506250 0.114062 0.056250
0 0.648438 0.247656 0.046875 0.070312
0 0.687500 0.238281 0.046875 0.070312
1 0.446875 0.696875 0.100000 0.056250
