3 0.900781 0.853906 0.048438 0.067187
3 0.747656 0.846094 0.042188 0.060937
3 0.725781 0.965625 0.048438 0.059375
3 0.627344 0.987500 0.042188 0.025000
1 0.443750 0.094531 0.200000 0.129688
3 0.958594 0.821875 0.045312 0.059375
3 0.753906 0.945312 0.048438 0.062500
1 0.085156 0.280469 0.167187 0.126562
3 0.808594 0.909375 0.045312 0.062500
3 0.928906 0.839844 0.045312 0.064062
3 0.129688 0.771875 0.056250 0.046875
3 0.689844 0.967969 0.042188 0.057813
3 0.870313 0.873437 0.046875 0.068750
3 0.983594 0.799219 0.032813 0.057813
3 0.930469 0.373437 0.067187 0.053125
3 0.646875 0.898438 0.043750 0.065625
3 0.533594 0.488281 0.060937 0.048438
3 0.836719 0.885156 0.045312 0.067187
3 0.782031 0.928125 0.048438 0.062500
3 0.654687 0.973437 0.043750 0.053125
3 0.482031 0.728906 0.060937 0.048438
