3 0.808594 0.968750 0.057813 0.046875
3 0.825781 0.791406 0.060937 0.032813
3 0.987500 0.838281 0.025000 0.048438
3 0.936719 0.167187 0.051562 0.031250
3 0.956250 0.051562 0.062500 0.040625
3 0.986719 0.746875 0.026562 0.040625
3 0.810156 0.944531 0.054688 0.035937
3 0.911719 0.283594 0.054688 0.039062
3 0.930469 0.208594 0.051562 0.032813
3 0.827344 0.820312 0.060937 0.034375
3 0.973437 0.940625 0.050000 0.040625
3 0.991406 0.816406 0.017188 0.039062
3 0.988281 0.778906 0.023438 0.035937
3 0.910156 0.326562 0.051562 0.037500
3 0.939063 0.131250 0.059375 0.037500
3 0.805469 0.982812 0.060937 0.031250
3 0.984375 0.860156 0.031250 0.035937
3 0.814063 0.871094 0.059375 0.039062
3 0.972656 0.975781 0.051562 0.032813
3 0.930469 0.241406 0.054688 0.035937
3 0.983594 0.899219 0.032813 0.039062
3 0.814844 0.907031 0.064062 0.039062
3 0.942187 0.084375 0.062500 0.040625
3 0.835938 0.751563 0.062500 0.040625
3 0.848437 0.713281 0.062500 0.045312
