3 0.033594 0.476562 0.064062 0.065625
3 0.504687 0.340625 0.050000 0.062500
3 0.292969 0.474219 0.073438 0.057813
3 0.369531 0.409375 0.048438 0.065625
3 0.864844 0.558594 0.045312 0.060937
3 0.663281 0.521875 0.042188 0.059375
3 0.985938 0.850781 0.028125 0.064062
3 0.393750 0.442969 0.046875 0.060937
3 0.275000 0.570312 0.059375 0.065625
3 0.760938 0.682813 0.050000 0.071875
3 0.819531 0.496094 0.045312 0.060937
3 0.607812 0.419531 0.056250 0.073438
3 0.794531 0.464062 0.042188 0.059375
3 0.784375 0.709375 0.056250 0.075000
3 0.963281 0.867188 0.045312 0.056250
3 0.839844 0.529687 0.042188 0.062500
3 0.740625 0.657813 0.046875 0.068750
3 0.720313 0.619531 0.046875 0.057813
3 0.930469 0.886719 0.045312 0.064062
3 0.256250 0.394531 0.081250 0.070312
3 0.705469 0.576562 0.051562 0.065625
3 0.758594 0.393750 0.048438 0.065625
3 0.275000 0.432031 0.071875 0.057813
