3 0.429688 0.367188 0.037500 0.078125
3 0.403125 0.929688 0.037500 0.078125
3 0.058594 0.364063 0.032813 0.075000
3 0.028906 0.935937 0.035937 0.075000
3 0.331250 0.935156 0.031250 0.073438
3 0.445312 0.935937 0.040625 0.078125
3 0.596094 0.733594 0.092188 0.045312
3 0.259375 0.928906 0.037500 0.082812
3 0.438281 0.849219 0.035937 0.064062
3 0.366406 0.931250 0.029687 0.068750
3 0.070312 0.869531 0.034375 0.067187
3 0.435156 0.444531 0.035937 0.073438
3 0.394531 0.444531 0.039062 0.076563
3 0.364844 0.857031 0.032813 0.076563
3 0.105469 0.867188 0.035937 0.081250
3 0.391406 0.367188 0.035937 0.071875
3 0.599219 0.576562 0.101562 0.046875
3 0.208594 0.352344 0.032813 0.067187
3 0.096094 0.205469 0.039062 0.070312
3 0.144531 0.939844 0.032813 0.070312
3 0.167969 0.365625 0.032813 0.075000
3 0.296875 0.935937 0.034375 0.068750
3 0.246094 0.444531 0.039062 0.082812
3 0.439063 0.686719 0.046875 0.098437
3 0.600000 0.392969 0.071875 0.042188
3 0.599219 0.622656 0.092188 0.045312
3 0.219531 0.938281 0.035937 0.073438
3 0.599219 0.689844 0.092188 0.045312
3 0.603906 0.794531 0.085938 0.039062
3 0.601562 0.838281 0.068750 0.035937
3 0.353906 0.362500 0.035937 0.071875
3 0.280469 0.370312 0.035937 0.071875
3 0.322656 0.439063 0.035937 0.071875
3 0.326562 0.855469 0.034375 0.076563
3 0.399219 0.861719 0.032813 0.076563
