4 0.188702 0.887019 0.127404 0.081731
2 0.841346 0.402644 0.091346 0.088942
2 0.925481 0.344952 0.091346 0.088942
2 0.939904 0.462740 0.091346 0.088942
2 0.848558 0.640625 0.091346 0.088942
2 0.757212 0.587740 0.091346 0.088942
2 0.725962 0.640625 0.091346 0.088942
2 0.699519 0.683894 0.091346 0.088942
2 0.795673 0.734375 0.091346 0.088942
2 0.781250 0.794471 0.091346 0.088942
2 0.673077 0.746394 0.091346 0.088942
2 0.646635 0.799279 0.091346 0.088942
2 0.622596 0.852163 0.091346 0.088942
2 0.721154 0.897837 0.091346 0.088942
2 0.699519 0.945913 0.091346 0.088942
2 0.679087 0.981971 0.079327 0.036058
2 0.596154 0.900240 0.091346 0.088942
2 0.550481 0.975962 0.096154 0.048077
