3 0.016406 0.463281 0.026562 0.067187
2 0.375000 0.667188 0.109375 0.053125
2 0.379688 0.883594 0.115625 0.048438
2 0.824219 0.877344 0.054688 0.110937
2 0.678906 0.964063 0.060937 0.071875
2 0.728906 0.874219 0.054688 0.110937
2 0.971094 0.966406 0.051562 0.067187
2 0.778125 0.969531 0.053125 0.060937
2 0.919531 0.875000 0.054688 0.112500
3 0.023438 0.979688 0.028125 0.040625
1 0.367969 0.982031 0.126562 0.035937
1 0.374219 0.941406 0.129688 0.048438
2 0.372656 0.562500 0.104688 0.053125
3 0.022656 0.747656 0.032813 0.064062
3 0.022656 0.907031 0.029687 0.064062
