3 0.323437 0.701562 0.065625 0.040625
3 0.048438 0.645312 0.056250 0.093750
3 0.125000 0.629687 0.043750 0.078125
3 0.293750 0.642188 0.068750 0.043750
3 0.283594 0.602344 0.079687 0.045312
3 0.143750 0.892969 0.046875 0.079687
3 0.014844 0.456250 0.026562 0.068750
3 0.051562 0.442969 0.046875 0.070312
3 0.335938 0.748437 0.068750 0.043750
3 0.347656 0.792969 0.070312 0.045312
3 0.105469 0.908594 0.045312 0.076563
3 0.155469 0.720313 0.048438 0.075000
3 0.087500 0.637500 0.053125 0.087500
3 0.275781 0.560156 0.076563 0.045312
3 0.369531 0.830469 0.070312 0.045312
