3 0.142187 0.333594 0.062500 0.051562
0 0.076563 0.065625 0.065625 0.065625
3 0.075000 0.674219 0.050000 0.073438
3 0.348438 0.499219 0.046875 0.064062
3 0.102344 0.916406 0.076563 0.039062
3 0.145313 0.987500 0.065625 0.025000
3 0.454688 0.446875 0.046875 0.059375
3 0.253906 0.562500 0.048438 0.065625
0 0.150781 0.035156 0.064062 0.067187
3 0.214844 0.580469 0.051562 0.064062
3 0.390625 0.485156 0.043750 0.064062
3 0.290625 0.545312 0.043750 0.059375
3 0.021094 0.716406 0.039062 0.067187
0 0.117188 0.162500 0.053125 0.062500
0 0.046875 0.021875 0.056250 0.040625
