1 0.022656 0.826562 0.042188 0.040625
1 0.724219 0.210938 0.060937 0.128125
1 0.990625 0.447656 0.018750 0.079687
0 0.907813 0.338281 0.043750 0.070312
1 0.369531 0.627344 0.189062 0.189062
1 0.950781 0.440625 0.048438 0.090625
0 0.900000 0.412500 0.040625 0.068750
1 0.880469 0.225000 0.048438 0.090625
0 0.952344 0.342187 0.039062 0.071875
0 0.871875 0.333594 0.043750 0.070312
1 0.338281 0.663281 0.189062 0.189062
1 0.275781 0.748437 0.195312 0.240625
1 0.222656 0.792188 0.198437 0.231250
1 0.683594 0.201563 0.060937 0.128125
