2 0.478365 0.227163 0.081731 0.132212
2 0.414663 0.250000 0.088942 0.134615
2 0.346154 0.272837 0.086538 0.132212
2 0.274038 0.298077 0.086538 0.134615
2 0.205529 0.324519 0.088942 0.129808
2 0.135817 0.347356 0.084135 0.132212
2 0.067308 0.371394 0.086538 0.132212
2 0.024038 0.395433 0.043269 0.132212
3 0.304087 0.741587 0.069712 0.108173
3 0.618990 0.606971 0.069712 0.108173
3 0.675481 0.585337 0.062500 0.108173
3 0.747596 0.816106 0.072115 0.103365
3 0.423077 0.926683 0.057692 0.103365
3 0.322115 0.968750 0.048077 0.062500
3 0.187500 0.756010 0.076923 0.132212
3 0.031250 0.796875 0.057692 0.132212
3 0.079327 0.784856 0.067308 0.117788
