3 0.941406 0.652344 0.060937 0.035937
3 0.058594 0.157812 0.064062 0.037500
3 0.767188 0.528906 0.059375 0.039062
3 0.705469 0.723437 0.064062 0.040625
3 0.867188 0.243750 0.062500 0.046875
3 0.877344 0.878125 0.064062 0.037500
3 0.944531 0.014844 0.060937 0.026562
3 0.078906 0.103906 0.064062 0.039062
3 0.730469 0.664062 0.070312 0.050000
3 0.884375 0.843750 0.062500 0.037500
3 0.907813 0.773438 0.065625 0.046875
3 0.105469 0.030469 0.067187 0.042188
3 0.894531 0.806250 0.070312 0.043750
3 0.958594 0.623437 0.060937 0.040625
3 0.625000 0.969531 0.068750 0.048438
3 0.050000 0.194531 0.059375 0.045312
3 0.094531 0.064844 0.064062 0.042188
3 0.695312 0.761719 0.065625 0.039062
3 0.858594 0.905469 0.067187 0.039062
3 0.794531 0.432812 0.060937 0.040625
0 0.783594 0.466406 0.064062 0.048438
3 0.971875 0.542969 0.056250 0.042188
