3 0.099219 0.681250 0.039062 0.075000
3 0.012500 0.347656 0.021875 0.064062
3 0.355469 0.017188 0.035937 0.031250
3 0.103906 0.056250 0.064062 0.068750
3 0.507812 0.125000 0.062500 0.059375
3 0.346875 0.137500 0.062500 0.034375
3 0.475781 0.077344 0.064062 0.060937
3 0.012500 0.149219 0.021875 0.057813
3 0.172656 0.225000 0.051562 0.068750
3 0.407031 0.286719 0.054688 0.054688
3 0.025781 0.131250 0.048438 0.062500
3 0.153906 0.027344 0.060937 0.048438
3 0.390625 0.033594 0.037500 0.057813
3 0.176563 0.312500 0.053125 0.068750
3 0.071875 0.080469 0.056250 0.060937
3 0.322656 0.200781 0.057813 0.060937
3 0.201563 0.292187 0.056250 0.068750
3 0.021094 0.323437 0.039062 0.062500
3 0.147656 0.332031 0.051562 0.064062
3 0.016406 0.429688 0.029687 0.065625
3 0.092969 0.376563 0.051562 0.068750
3 0.122656 0.042188 0.067187 0.065625
3 0.081250 0.295312 0.050000 0.062500
3 0.268750 0.021094 0.031250 0.039062
3 0.029687 0.407813 0.050000 0.065625
3 0.047656 0.309375 0.054688 0.065625
3 0.189062 0.205469 0.050000 0.067187
3 0.229687 0.270313 0.053125 0.062500
3 0.042188 0.105469 0.059375 0.064062
3 0.119531 0.357031 0.054688 0.067187
3 0.292969 0.227344 0.054688 0.064062
3 0.136719 0.253125 0.048438 0.062500
3 0.529687 0.159375 0.065625 0.059375
3 0.255469 0.249219 0.054688 0.060937
3 0.489844 0.100000 0.064062 0.062500
3 0.108594 0.275781 0.048438 0.060937
3 0.234375 0.024219 0.031250 0.045312
3 0.276562 0.126562 0.062500 0.034375
3 0.060937 0.392188 0.050000 0.065625
3 0.321875 0.021094 0.034375 0.039062
