3 0.371094 0.240625 0.060937 0.050000
3 0.964063 0.853125 0.043750 0.087500
3 0.047656 0.423438 0.057813 0.046875
3 0.785156 0.014844 0.057813 0.026562
3 0.250781 0.304688 0.060937 0.053125
3 0.907031 0.542188 0.039062 0.065625
3 0.104688 0.989062 0.043750 0.021875
3 0.480469 0.173437 0.073438 0.062500
3 0.861719 0.557813 0.051562 0.071875
3 0.445312 0.194531 0.059375 0.054688
3 0.916406 0.625000 0.051562 0.075000
3 0.880469 0.904687 0.039062 0.081250
3 0.072656 0.966406 0.035937 0.054688
3 0.321875 0.272656 0.059375 0.048438
3 0.020313 0.135156 0.037500 0.054688
3 0.406250 0.222656 0.062500 0.051562
3 0.963281 0.949219 0.035937 0.079687
3 0.239063 0.673438 0.050000 0.078125
3 0.285156 0.668750 0.054688 0.081250
3 0.171875 0.036719 0.065625 0.054688
3 0.617188 0.096094 0.062500 0.057813
3 0.077344 0.093750 0.067187 0.059375
3 0.220312 0.321875 0.056250 0.050000
3 0.182031 0.344531 0.060937 0.057813
