2 0.264062 0.853125 0.106250 0.059375
2 0.373437 0.750000 0.109375 0.053125
2 0.478125 0.747656 0.109375 0.054688
2 0.373437 0.914844 0.112500 0.054688
2 0.376563 0.857031 0.115625 0.054688
2 0.431250 0.480469 0.112500 0.054688
2 0.387500 0.592187 0.118750 0.050000
2 0.377344 0.696875 0.110937 0.053125
2 0.315625 0.476562 0.118750 0.056250
2 0.493750 0.589063 0.109375 0.053125
2 0.545312 0.479687 0.109375 0.056250
2 0.542969 0.538281 0.104688 0.051562
2 0.260937 0.748437 0.106250 0.056250
2 0.264844 0.694531 0.107813 0.051562
2 0.255469 0.916406 0.107813 0.051562
2 0.382812 0.803906 0.115625 0.054688
2 0.599219 0.282813 0.123438 0.056250
2 0.494531 0.282813 0.123438 0.056250
2 0.402344 0.273438 0.123438 0.056250
2 0.291406 0.264062 0.123438 0.056250
