2 0.381250 0.882031 0.059375 0.107813
2 0.985938 0.750781 0.028125 0.104688
2 0.983594 0.640625 0.032813 0.096875
2 0.606250 0.978906 0.053125 0.042188
2 0.535937 0.431250 0.043750 0.087500
2 0.657031 0.976562 0.048438 0.043750
2 0.989062 0.964063 0.021875 0.071875
2 0.985156 0.867188 0.029687 0.106250
2 0.267969 0.891406 0.051562 0.104688
2 0.650000 0.542969 0.050000 0.101562
2 0.603906 0.425781 0.051562 0.104688
2 0.546094 0.650781 0.048438 0.110937
2 0.321875 0.891406 0.050000 0.107813
2 0.664062 0.885938 0.062500 0.109375
2 0.326562 0.539844 0.056250 0.114062
2 0.428906 0.661719 0.048438 0.098437
2 0.153906 0.534375 0.054688 0.109375
2 0.494531 0.775000 0.048438 0.109375
2 0.879687 0.647656 0.053125 0.104688
2 0.489844 0.656250 0.051562 0.125000
2 0.271875 0.653125 0.046875 0.106250
2 0.936719 0.750781 0.054688 0.098437
2 0.328906 0.420312 0.054688 0.103125
2 0.324219 0.779687 0.054688 0.096875
2 0.653906 0.656250 0.051562 0.093750
2 0.981250 0.424219 0.037500 0.082812
2 0.652344 0.425000 0.051562 0.096875
2 0.325000 0.656250 0.050000 0.106250
2 0.603125 0.652344 0.050000 0.095312
2 0.098437 0.425000 0.062500 0.106250
2 0.714844 0.664062 0.051562 0.106250
2 0.486719 0.432031 0.045312 0.089063
2 0.658594 0.775781 0.051562 0.092188
2 0.767188 0.774219 0.046875 0.098437
2 0.927344 0.424219 0.054688 0.092188
2 0.603125 0.539844 0.053125 0.104688
2 0.100000 0.542188 0.059375 0.106250
2 0.271094 0.780469 0.048438 0.092188
2 0.887500 0.967187 0.056250 0.062500
2 0.769531 0.545312 0.051562 0.096875
2 0.379688 0.538281 0.046875 0.110937
2 0.269531 0.535156 0.051562 0.101562
2 0.380469 0.661719 0.051562 0.104688
2 0.710938 0.773438 0.053125 0.096875
2 0.942187 0.964844 0.053125 0.064062
2 0.767969 0.417969 0.051562 0.098437
2 0.928906 0.531250 0.057813 0.109375
2 0.939063 0.866406 0.056250 0.104688
2 0.818750 0.420312 0.050000 0.100000
2 0.039062 0.430469 0.053125 0.095312
2 0.209375 0.428906 0.053125 0.092188
2 0.541406 0.538281 0.048438 0.095312
2 0.488281 0.542188 0.051562 0.100000
2 0.871875 0.424219 0.053125 0.095312
2 0.712500 0.539062 0.050000 0.103125
2 0.271094 0.418750 0.057813 0.100000
2 0.431250 0.544531 0.046875 0.095312
2 0.933594 0.642969 0.057813 0.107813
2 0.605469 0.775781 0.048438 0.089063
2 0.382031 0.424219 0.054688 0.098437
2 0.710156 0.424219 0.054688 0.095312
2 0.432812 0.424219 0.050000 0.095312
2 0.874219 0.535156 0.051562 0.101562
2 0.882031 0.876563 0.054688 0.106250
2 0.878125 0.760156 0.050000 0.101562
2 0.159375 0.421875 0.053125 0.093750
2 0.382812 0.972656 0.065625 0.054688
2 0.325781 0.978906 0.051562 0.042188
2 0.603906 0.884375 0.057813 0.115625
2 0.773438 0.884375 0.062500 0.109375
2 0.764844 0.662500 0.051562 0.106250
2 0.781250 0.971875 0.062500 0.056250
2 0.978906 0.532031 0.042188 0.107813
