1 0.789062 0.335938 0.115625 0.125000
0 0.753906 0.390625 0.079687 0.087500
1 0.884375 0.888281 0.125000 0.145313
0 0.750000 0.933594 0.062500 0.079687
1 0.321094 0.710156 0.114062 0.160938
0 0.723437 0.962500 0.071875 0.068750
0 0.657813 0.965625 0.059375 0.062500
0 0.616406 0.978906 0.045312 0.035937
4 0.037500 0.906250 0.068750 0.134375
4 0.084375 0.856250 0.087500 0.143750
0 0.167969 0.674219 0.076563 0.079687
0 0.228125 0.575781 0.081250 0.085938
0 0.450781 0.627344 0.126562 0.135937
1 0.111719 0.027344 0.060937 0.051562
