3 0.434375 0.116406 0.031250 0.067187
3 0.558594 0.311719 0.042188 0.070312
3 0.590625 0.311719 0.040625 0.073438
3 0.926562 0.394531 0.075000 0.039062
3 0.746094 0.400000 0.089063 0.040625
3 0.355469 0.311719 0.035937 0.073438
3 0.738281 0.353125 0.085938 0.043750
3 0.179688 0.116406 0.037500 0.079687
3 0.330469 0.125781 0.035937 0.067187
3 0.364844 0.123438 0.035937 0.068750
3 0.256250 0.121875 0.034375 0.068750
3 0.737500 0.478125 0.071875 0.037500
3 0.217969 0.118750 0.035937 0.075000
3 0.319531 0.317188 0.039062 0.075000
