3 0.350000 0.502344 0.034375 0.057813
3 0.037500 0.678125 0.034375 0.081250
3 0.512500 0.414844 0.034375 0.076563
3 0.857812 0.222656 0.034375 0.054688
3 0.889844 0.198437 0.032813 0.075000
3 0.404687 0.482812 0.037500 0.075000
3 0.100000 0.644531 0.034375 0.082812
3 0.228125 0.177344 0.071875 0.057813
3 0.138281 0.632812 0.035937 0.068750
3 0.726562 0.859375 0.046875 0.065625
3 0.672656 0.017969 0.060937 0.032813
3 0.086719 0.407031 0.076563 0.064062
3 0.451562 0.454688 0.034375 0.065625
3 0.732812 0.107813 0.059375 0.050000
3 0.248438 0.217969 0.078125 0.064062
3 0.912500 0.761719 0.053125 0.073438
3 0.490625 0.173437 0.075000 0.062500
3 0.134375 0.041406 0.075000 0.057813
3 0.696875 0.885938 0.046875 0.068750
3 0.958594 0.743750 0.051562 0.078125
3 0.760156 0.839063 0.045312 0.062500
3 0.283594 0.292187 0.073438 0.065625
3 0.050000 0.332031 0.081250 0.060937
3 0.034375 0.289844 0.065625 0.060937
3 0.425000 0.064844 0.075000 0.067187
