3 0.964063 0.735156 0.059375 0.070312
3 0.949219 0.721875 0.064062 0.068750
3 0.753125 0.735938 0.062500 0.059375
3 0.871875 0.858594 0.065625 0.057813
3 0.833594 0.609375 0.054688 0.056250
3 0.470313 0.882812 0.056250 0.056250
3 0.610938 0.930469 0.056250 0.064062
3 0.822656 0.910156 0.073438 0.070312
0 0.941406 0.932031 0.064062 0.064062
3 0.914062 0.246875 0.065625 0.071875
3 0.889062 0.977344 0.056250 0.045312
3 0.975781 0.647656 0.048438 0.067187
3 0.894531 0.267188 0.060937 0.065625
3 0.594531 0.895312 0.064062 0.062500
3 0.975000 0.394531 0.046875 0.073438
3 0.545312 0.959375 0.059375 0.059375
3 0.928125 0.593750 0.056250 0.056250
3 0.633594 0.958594 0.060937 0.060937
3 0.663281 0.975781 0.060937 0.048438
3 0.491406 0.913281 0.060937 0.057813
3 0.885156 0.172656 0.079687 0.039062
3 0.819531 0.813281 0.060937 0.057813
3 0.734375 0.342969 0.084375 0.039062
3 0.736719 0.412500 0.070312 0.062500
3 0.695312 0.797656 0.059375 0.060937
3 0.753125 0.309375 0.081250 0.040625
3 0.896875 0.573438 0.062500 0.062500
3 0.799219 0.786719 0.060937 0.057813
3 0.746094 0.843750 0.064062 0.065625
3 0.695312 0.465625 0.056250 0.059375
3 0.976562 0.754687 0.046875 0.068750
3 0.782813 0.272656 0.068750 0.035937
3 0.873437 0.960156 0.062500 0.057813
3 0.845313 0.627344 0.059375 0.064062
3 0.892969 0.882812 0.064062 0.062500
3 0.871094 0.650781 0.060937 0.064062
3 0.982031 0.421875 0.035937 0.068750
3 0.853906 0.525781 0.064062 0.057813
3 0.769531 0.767188 0.060937 0.053125
3 0.841406 0.839063 0.064062 0.059375
3 0.951562 0.620313 0.059375 0.062500
3 0.928906 0.707031 0.067187 0.067187
3 0.895312 0.675000 0.062500 0.065625
3 0.538281 0.863281 0.057813 0.057813
3 0.866406 0.296094 0.064062 0.060937
3 0.960938 0.200000 0.065625 0.071875
3 0.974219 0.161719 0.051562 0.064062
3 0.723437 0.714063 0.062500 0.059375
3 0.671875 0.775000 0.062500 0.059375
