0 0.613281 0.972656 0.060937 0.054688
0 0.872656 0.819531 0.057813 0.067187
1 0.975781 0.346875 0.048438 0.090625
1 0.891406 0.416406 0.076563 0.101562
1 0.950000 0.386719 0.081250 0.101562
1 0.705469 0.505469 0.095312 0.104688
1 0.807813 0.453906 0.081250 0.104688
1 0.758594 0.474219 0.079687 0.101562
1 0.626563 0.553125 0.084375 0.118750
1 0.672656 0.524219 0.095312 0.114062
0 0.900781 0.800781 0.057813 0.067187
0 0.648438 0.958594 0.046875 0.067187
0 0.682813 0.942969 0.046875 0.067187
0 0.703125 0.894531 0.046875 0.067187
