0 0.905469 0.850000 0.057813 0.037500
0 0.950000 0.953125 0.062500 0.040625
0 0.862500 0.674219 0.062500 0.042188
0 0.890625 0.780469 0.059375 0.042188
0 0.959375 0.985156 0.065625 0.029687
0 0.845313 0.600781 0.062500 0.042188
0 0.914062 0.889844 0.062500 0.042188
0 0.231250 0.963281 0.062500 0.045312
0 0.835156 0.532813 0.060937 0.040625
0 0.880469 0.744531 0.060937 0.042188
0 0.870313 0.709375 0.059375 0.040625
0 0.535156 0.943750 0.060937 0.040625
0 0.546094 0.987500 0.060937 0.025000
0 0.895312 0.816406 0.059375 0.039062
0 0.494531 0.792188 0.060937 0.040625
0 0.506250 0.834375 0.062500 0.037500
0 0.852344 0.638281 0.060937 0.039062
0 0.519531 0.881250 0.067187 0.046875
