3 0.024219 0.286719 0.042188 0.064062
3 0.239063 0.560937 0.034375 0.059375
3 0.190625 0.369531 0.037500 0.060937
3 0.239063 0.314063 0.040625 0.068750
3 0.014844 0.351562 0.026562 0.062500
3 0.433594 0.152344 0.070312 0.035937
3 0.375781 0.582031 0.045312 0.073438
3 0.450000 0.121094 0.068750 0.042188
3 0.466406 0.543750 0.070312 0.034375
3 0.460938 0.019531 0.065625 0.035937
3 0.454688 0.089844 0.062500 0.035937
3 0.478125 0.470313 0.071875 0.034375
3 0.150781 0.365625 0.032813 0.059375
3 0.482031 0.433594 0.082812 0.045312
3 0.164844 0.545312 0.032813 0.056250
3 0.273438 0.327344 0.040625 0.067187
3 0.161719 0.297656 0.035937 0.064062
3 0.199219 0.104688 0.042188 0.081250
3 0.307031 0.573438 0.039062 0.068750
3 0.113281 0.368750 0.032813 0.065625
3 0.270313 0.569531 0.034375 0.064062
3 0.471875 0.504687 0.075000 0.043750
3 0.271094 0.113281 0.045312 0.085938
3 0.640625 0.019531 0.081250 0.035937
3 0.041406 0.360938 0.026562 0.062500
3 0.347656 0.583594 0.045312 0.073438
3 0.207031 0.550000 0.032813 0.056250
3 0.097656 0.534375 0.032813 0.056250
