1 0.194531 0.950000 0.070312 0.093750
1 0.072656 0.881250 0.079687 0.100000
1 0.043750 0.866406 0.084375 0.117188
1 0.757031 0.142187 0.126562 0.046875
1 0.567187 0.028906 0.140625 0.054688
1 0.573438 0.610156 0.068750 0.126562
1 0.103906 0.041406 0.204687 0.076563
1 0.507812 0.181250 0.118750 0.062500
1 0.812500 0.021094 0.109375 0.039062
1 0.353125 0.914062 0.087500 0.146875
1 0.130469 0.897656 0.082812 0.107813
1 0.632031 0.975000 0.057813 0.046875
1 0.681250 0.987500 0.050000 0.025000
1 0.544531 0.096875 0.145313 0.071875
1 0.017188 0.379688 0.031250 0.143750
1 0.246094 0.801562 0.067187 0.143750
1 0.183594 0.920312 0.073438 0.106250
1 0.510156 0.218750 0.132812 0.062500
1 0.214062 0.770312 0.056250 0.100000
1 0.770312 0.061719 0.115625 0.057813
1 0.766406 0.107813 0.126562 0.053125
1 0.562500 0.057813 0.143750 0.068750
1 0.323437 0.500000 0.081250 0.125000
1 0.694531 0.641406 0.070312 0.139063
1 0.387500 0.919531 0.093750 0.139063
1 0.075000 0.728125 0.084375 0.140625
1 0.500000 0.265625 0.121875 0.068750
1 0.044531 0.394531 0.070312 0.148438
1 0.492969 0.308594 0.129688 0.057813
1 0.304688 0.891406 0.078125 0.139063
1 0.426563 0.935156 0.087500 0.129688
1 0.273438 0.867188 0.075000 0.146875
1 0.663281 0.635156 0.070312 0.139063
1 0.622656 0.618750 0.076563 0.140625
1 0.488281 0.571875 0.073438 0.134375
1 0.408594 0.534375 0.079687 0.131250
1 0.164844 0.777344 0.073438 0.151562
1 0.231250 0.479687 0.071875 0.109375
1 0.442969 0.557031 0.082812 0.135937
1 0.096094 0.416406 0.079687 0.148438
1 0.119531 0.767188 0.076563 0.143750
1 0.277344 0.486719 0.079687 0.126562
1 0.526563 0.586719 0.075000 0.139063
1 0.181250 0.453906 0.071875 0.126562
1 0.742969 0.656250 0.067187 0.137500
1 0.533594 0.137500 0.145313 0.071875
1 0.477344 0.941406 0.085938 0.117188
1 0.521094 0.957031 0.064062 0.085938
1 0.598437 0.967187 0.056250 0.062500
1 0.262500 0.972656 0.053125 0.054688
