4 0.971875 0.966406 0.056250 0.067187
4 0.823438 0.862500 0.087500 0.193750
4 0.773438 0.604688 0.068750 0.115625
4 0.548438 0.658594 0.071875 0.123438
4 0.940625 0.975000 0.059375 0.050000
2 0.015625 0.754687 0.028125 0.053125
4 0.928906 0.557813 0.060937 0.109375
4 0.427344 0.975781 0.057813 0.048438
1 0.107031 0.218750 0.064062 0.096875
1 0.567187 0.034375 0.056250 0.065625
4 0.985938 0.533594 0.028125 0.120313
4 0.892969 0.977344 0.067187 0.045312
4 0.846875 0.984375 0.065625 0.031250
4 0.364844 0.592969 0.048438 0.085938
2 0.077344 0.987500 0.073438 0.025000
4 0.471875 0.969531 0.050000 0.060937
1 0.561719 0.203906 0.079687 0.142187
4 0.515625 0.963281 0.053125 0.073438
4 0.324219 0.604688 0.045312 0.084375
4 0.612500 0.952344 0.062500 0.095312
4 0.439063 0.565625 0.056250 0.090625
1 0.901563 0.054688 0.065625 0.106250
4 0.967187 0.557031 0.053125 0.104688
4 0.500000 0.555469 0.053125 0.079687
4 0.831250 0.584375 0.071875 0.112500
1 0.621094 0.025000 0.051562 0.046875
1 0.275000 0.296094 0.078125 0.151562
4 0.564844 0.957812 0.060937 0.084375
2 0.023438 0.814063 0.043750 0.059375
4 0.750000 0.482812 0.053125 0.087500
4 0.889062 0.575000 0.062500 0.109375
4 0.282031 0.612500 0.051562 0.090625
4 0.660937 0.934375 0.071875 0.109375
4 0.981250 0.400781 0.037500 0.098437
4 0.840625 0.442188 0.059375 0.084375
4 0.699219 0.489063 0.057813 0.090625
2 0.032031 0.860938 0.060937 0.059375
4 0.770312 0.921094 0.059375 0.092188
4 0.614062 0.506250 0.059375 0.090625
4 0.503906 0.690625 0.067187 0.115625
4 0.241406 0.622656 0.051562 0.095312
4 0.560937 0.525781 0.059375 0.089063
4 0.710938 0.933594 0.053125 0.089063
4 0.797656 0.465625 0.060937 0.090625
2 0.062500 0.953125 0.071875 0.053125
1 0.808594 0.085156 0.067187 0.114062
2 0.042969 0.910937 0.073438 0.053125
1 0.853906 0.060156 0.070312 0.114062
4 0.640625 0.636719 0.062500 0.120313
1 0.649219 0.163281 0.067187 0.120313
4 0.941406 0.409375 0.064062 0.093750
1 0.696875 0.138281 0.065625 0.117188
1 0.741406 0.114062 0.067187 0.112500
1 0.514844 0.242188 0.070312 0.118750
1 0.467969 0.260937 0.064062 0.115625
1 0.230469 0.313281 0.089063 0.157812
1 0.317969 0.287500 0.073438 0.156250
1 0.407031 0.275781 0.073438 0.120313
4 0.875000 0.850781 0.081250 0.179688
4 0.929688 0.837500 0.078125 0.171875
4 0.971094 0.833594 0.057813 0.179688
