3 0.728906 0.096875 0.057813 0.031250
3 0.932031 0.213281 0.060937 0.035937
3 0.021875 0.972656 0.040625 0.054688
3 0.740625 0.201563 0.068750 0.028125
3 0.566406 0.680469 0.054688 0.070312
3 0.015625 0.803906 0.028125 0.067187
3 0.150781 0.718750 0.051562 0.065625
3 0.275781 0.653125 0.048438 0.068750
3 0.738281 0.066406 0.057813 0.029687
3 0.734375 0.028906 0.056250 0.029687
3 0.728125 0.352344 0.068750 0.045312
3 0.753125 0.533594 0.046875 0.067187
3 0.625000 0.638281 0.050000 0.073438
3 0.474219 0.648438 0.057813 0.050000
3 0.360156 0.600781 0.045312 0.067187
3 0.738281 0.166406 0.064062 0.026562
3 0.335156 0.614062 0.048438 0.075000
3 0.850781 0.470313 0.042188 0.059375
3 0.739062 0.268750 0.068750 0.034375
3 0.118750 0.731250 0.050000 0.068750
3 0.741406 0.314844 0.076563 0.045312
3 0.304688 0.631250 0.050000 0.065625
3 0.916406 0.365625 0.067187 0.037500
3 0.029687 0.782031 0.046875 0.067187
3 0.092969 0.749219 0.051562 0.067187
3 0.732812 0.133594 0.062500 0.029687
3 0.061719 0.764062 0.048438 0.068750
3 0.208594 0.681250 0.051562 0.065625
3 0.420312 0.566406 0.053125 0.070312
3 0.653125 0.610938 0.056250 0.081250
3 0.579688 0.467969 0.053125 0.073438
3 0.739844 0.237500 0.067187 0.031250
3 0.244531 0.670312 0.048438 0.071875
3 0.882031 0.464844 0.048438 0.067187
3 0.181250 0.700000 0.053125 0.068750
3 0.906250 0.403906 0.065625 0.039062
3 0.514062 0.511719 0.062500 0.085938
3 0.782813 0.521875 0.046875 0.068750
