3 0.285937 0.989062 0.062500 0.021875
3 0.236719 0.697656 0.067187 0.035937
3 0.556250 0.421875 0.040625 0.065625
3 0.855469 0.877344 0.060937 0.035937
3 0.570312 0.940625 0.062500 0.037500
3 0.653125 0.567187 0.059375 0.037500
3 0.755469 0.318750 0.054688 0.040625
3 0.118750 0.933594 0.071875 0.032813
3 0.421094 0.698438 0.070312 0.037500
3 0.128125 0.901563 0.065625 0.031250
3 0.742969 0.356250 0.057813 0.040625
3 0.034375 0.491406 0.040625 0.073438
3 0.582031 0.874219 0.064062 0.039062
3 0.559375 0.971875 0.062500 0.037500
3 0.111719 0.721875 0.082812 0.043750
3 0.132812 0.864062 0.065625 0.034375
3 0.714063 0.406250 0.056250 0.037500
3 0.850000 0.915625 0.056250 0.034375
3 0.117969 0.968750 0.076563 0.037500
