4 0.700000 0.767188 0.068750 0.100000
3 0.928906 0.020313 0.051562 0.037500
4 0.898438 0.894531 0.043750 0.079687
1 0.644531 0.758594 0.064062 0.095312
1 0.816406 0.829688 0.070312 0.109375
3 0.964063 0.031250 0.056250 0.059375
0 0.149219 0.971875 0.076563 0.046875
1 0.470313 0.683594 0.071875 0.092188
1 0.332031 0.633594 0.085938 0.176563
3 0.887500 0.015625 0.046875 0.028125
1 0.867969 0.851562 0.073438 0.106250
1 0.769531 0.803906 0.085938 0.123438
0 0.173437 0.912500 0.075000 0.053125
1 0.381250 0.630469 0.062500 0.098437
0 0.201563 0.857812 0.071875 0.050000
