4 0.913281 0.319531 0.107813 0.060937
0 0.741406 0.087500 0.051562 0.062500
0 0.642969 0.198437 0.048438 0.068750
1 0.786719 0.146094 0.070312 0.085938
0 0.677344 0.175000 0.048438 0.062500
0 0.843750 0.046875 0.056250 0.059375
0 0.778125 0.482031 0.046875 0.067187
1 0.946094 0.422656 0.107813 0.070312
0 0.898438 0.096875 0.056250 0.068750
1 0.928906 0.503906 0.129688 0.067187
0 0.765625 0.193750 0.053125 0.062500
0 0.714063 0.127344 0.053125 0.067187
1 0.195312 0.938281 0.093750 0.114062
1 0.945312 0.077344 0.109375 0.151562
1 0.976562 0.382812 0.046875 0.040625
