0 0.017188 0.048438 0.031250 0.056250
0 0.044531 0.042188 0.032813 0.056250
0 0.075781 0.032813 0.032813 0.056250
0 0.111719 0.028120 0.035937 0.053125
0 0.144531 0.022656 0.039062 0.042188
0 0.177344 0.019531 0.035937 0.035937
0 0.020313 0.227344 0.037500 0.060937
0 0.050000 0.211719 0.040620 0.060937
0 0.085938 0.207813 0.046870 0.062500
0 0.117188 0.195312 0.046870 0.062500
0 0.151562 0.183594 0.046870 0.060937
0 0.187500 0.177344 0.046870 0.060937
0 0.224219 0.175781 0.039062 0.060937
1 0.301563 0.167187 0.050000 0.081250
0 0.337500 0.278120 0.040620 0.068750
0 0.309370 0.287500 0.040620 0.068750
0 0.279687 0.292187 0.040620 0.068750
0 0.245312 0.304688 0.040620 0.068750
0 0.217969 0.316406 0.039062 0.060937
0 0.011719 0.382031 0.020313 0.064062
0 0.029687 0.373437 0.040620 0.059375
0 0.056250 0.365620 0.040620 0.059375
0 0.090620 0.354687 0.040620 0.059375
0 0.123438 0.346870 0.040620 0.059375
0 0.151562 0.337500 0.040620 0.059375
0 0.187500 0.326562 0.040620 0.059375
0 0.139063 0.571870 0.040620 0.059375
0 0.170313 0.560937 0.040620 0.059375
0 0.207813 0.556250 0.040620 0.059375
0 0.234370 0.546870 0.040620 0.059375
0 0.267188 0.537500 0.040620 0.059375
0 0.303120 0.525000 0.040620 0.059375
0 0.337500 0.514062 0.040620 0.059375
0 0.368750 0.503120 0.040620 0.059375
0 0.396870 0.496870 0.040620 0.059375
0 0.135937 0.745313 0.040620 0.059375
0 0.181250 0.737500 0.040620 0.059375
0 0.223438 0.725000 0.040620 0.059375
0 0.310156 0.987500 0.039062 0.025000
0 0.343750 0.985156 0.028120 0.029687
0 0.380469 0.983594 0.039062 0.032813
0 0.413281 0.977344 0.042188 0.045312
0 0.479687 0.970313 0.040620 0.056250
0 0.518750 0.964063 0.043750 0.065625
1 0.470313 0.771870 0.046870 0.084375
1 0.428120 0.782813 0.046870 0.084375
1 0.365620 0.798438 0.046870 0.084375
1 0.109370 0.768750 0.053120 0.100000
