2 0.989062 0.762500 0.021875 0.087500
3 0.332031 0.437500 0.039062 0.068750
3 0.374219 0.680469 0.048438 0.073438
3 0.636719 0.260156 0.064062 0.045312
3 0.436719 0.483594 0.039062 0.082812
3 0.110937 0.517188 0.040625 0.059375
3 0.398438 0.496875 0.053125 0.081250
3 0.473438 0.385156 0.053125 0.079687
3 0.139844 0.330469 0.045312 0.060937
3 0.069531 0.357031 0.035937 0.064062
3 0.130469 0.589063 0.048438 0.084375
3 0.335156 0.685156 0.045312 0.076563
3 0.300781 0.539062 0.048438 0.081250
3 0.215625 0.484375 0.046875 0.075000
3 0.333594 0.525000 0.048438 0.078125
3 0.167969 0.327344 0.042188 0.064062
3 0.431250 0.231250 0.053125 0.081250
3 0.143750 0.507031 0.040625 0.073438
3 0.269531 0.296875 0.045312 0.078125
3 0.374219 0.426563 0.039062 0.068750
3 0.182812 0.487500 0.046875 0.075000
3 0.619531 0.224219 0.064062 0.045312
3 0.700000 0.424219 0.053125 0.042188
3 0.196094 0.714844 0.026562 0.035937
