0 0.227344 0.647656 0.042188 0.070312
2 0.122656 0.725000 0.054688 0.106250
2 0.489844 0.575000 0.085938 0.096875
2 0.889062 0.717969 0.078125 0.104688
2 0.554688 0.675000 0.087500 0.100000
2 0.553906 0.563281 0.082812 0.098437
2 0.119531 0.844531 0.057813 0.107813
2 0.119531 0.614844 0.054688 0.101562
2 0.614062 0.661719 0.081250 0.101562
2 0.839844 0.737500 0.079687 0.109375
2 0.626563 0.562500 0.081250 0.093750
2 0.732812 0.531250 0.081250 0.100000
2 0.741406 0.651563 0.079687 0.103125
2 0.778125 0.506250 0.084375 0.100000
2 0.682813 0.779687 0.078125 0.103125
2 0.693750 0.674219 0.078125 0.101562
2 0.839844 0.608594 0.073438 0.104688
2 0.790625 0.631250 0.075000 0.106250
2 0.790625 0.758594 0.078125 0.107813
2 0.626563 0.791406 0.081250 0.101562
2 0.686719 0.550781 0.079687 0.098437
2 0.743750 0.780469 0.078125 0.107813
4 0.691406 0.346875 0.095312 0.106250
4 0.581250 0.253906 0.106250 0.089063
4 0.451562 0.181250 0.115625 0.087500
4 0.347656 0.100781 0.120313 0.070312
4 0.239063 0.053906 0.134375 0.057813
4 0.112500 0.067969 0.134375 0.057813
4 0.103125 0.030469 0.134375 0.057813
0 0.267969 0.578906 0.042188 0.070312
0 0.363281 0.566406 0.042188 0.070312
0 0.364844 0.630469 0.054688 0.067187
0 0.363281 0.699219 0.054688 0.067187
0 0.371094 0.766406 0.054688 0.067187
0 0.377344 0.836719 0.054688 0.067187
0 0.332031 0.852344 0.054688 0.067187
0 0.288281 0.849219 0.054688 0.067187
0 0.246094 0.853906 0.054688 0.067187
0 0.236719 0.782813 0.054688 0.068750
0 0.282031 0.784375 0.054688 0.068750
0 0.280469 0.712500 0.054688 0.068750
0 0.233594 0.714063 0.054688 0.068750
0 0.274219 0.645312 0.054688 0.068750
0 0.021875 0.617188 0.040625 0.071875
0 0.023438 0.696094 0.043750 0.079687
0 0.067969 0.694531 0.045312 0.079687
0 0.023438 0.788281 0.043750 0.079687
0 0.023438 0.875781 0.043750 0.079687
0 0.063281 0.866406 0.045312 0.079687
