3 0.911719 0.354687 0.039062 0.068750
3 0.877344 0.282031 0.032813 0.064062
3 0.878906 0.934375 0.048438 0.059375
3 0.842969 0.939063 0.051562 0.071875
3 0.895312 0.125781 0.034375 0.070312
3 0.979688 0.357812 0.034375 0.065625
3 0.877344 0.355469 0.035937 0.067187
3 0.675781 0.282813 0.067187 0.031250
3 0.765625 0.938281 0.056250 0.070312
3 0.675000 0.180469 0.065625 0.035937
3 0.804688 0.938281 0.053125 0.070312
3 0.913281 0.284375 0.029687 0.065625
3 0.673438 0.418750 0.071875 0.037500
3 0.678906 0.246875 0.076563 0.034375
3 0.860938 0.122656 0.037500 0.076563
3 0.677344 0.355469 0.073438 0.035937
3 0.676562 0.317188 0.065625 0.031250
3 0.796094 0.520312 0.045312 0.068750
3 0.945312 0.358594 0.034375 0.067187
3 0.910156 0.932031 0.045312 0.060937
3 0.930469 0.122656 0.035937 0.064062
3 0.726562 0.939844 0.056250 0.070312
3 0.677344 0.942187 0.051562 0.065625
3 0.842969 0.282031 0.032813 0.064062
3 0.842187 0.357031 0.034375 0.082812
3 0.525000 0.746875 0.068750 0.028125
