2 0.824219 0.875000 0.070312 0.062500
2 0.796875 0.979688 0.121875 0.040625
2 0.635938 0.072656 0.109375 0.048438
2 0.960938 0.155469 0.078125 0.057813
2 0.703125 0.864062 0.134375 0.065625
2 0.871094 0.089063 0.114062 0.065625
2 0.958594 0.325000 0.082812 0.056250
2 0.865625 0.144531 0.115625 0.064062
2 0.950781 0.624219 0.098437 0.073438
2 0.868750 0.028125 0.121875 0.053125
2 0.963281 0.098437 0.073438 0.059375
2 0.742188 0.250781 0.125000 0.057813
2 0.927344 0.880469 0.117188 0.070312
2 0.962500 0.038281 0.075000 0.064062
2 0.642188 0.018750 0.128125 0.034375
2 0.821875 0.758594 0.115625 0.064062
2 0.853906 0.317969 0.117188 0.060937
2 0.724219 0.670312 0.120313 0.062500
2 0.860938 0.260937 0.121875 0.062500
2 0.953125 0.562500 0.093750 0.071875
2 0.952344 0.382812 0.095312 0.062500
2 0.947656 0.685156 0.104688 0.073438
2 0.752344 0.027344 0.114062 0.051562
2 0.704688 0.748437 0.109375 0.062500
2 0.607812 0.666406 0.121875 0.060937
2 0.837500 0.677344 0.128125 0.067187
2 0.750781 0.077344 0.120313 0.057813
2 0.939063 0.770312 0.112500 0.068750
2 0.720313 0.590625 0.112500 0.065625
2 0.737500 0.311719 0.112500 0.060937
2 0.725781 0.534375 0.114062 0.062500
2 0.842969 0.548438 0.114062 0.068750
2 0.633594 0.242188 0.110937 0.056250
2 0.842969 0.607812 0.114062 0.068750
2 0.748437 0.136719 0.121875 0.060937
2 0.958594 0.267188 0.082812 0.050000
2 0.920312 0.979688 0.121875 0.040625
