3 0.771875 0.589844 0.068750 0.048438
3 0.245312 0.361719 0.059375 0.035937
3 0.389062 0.228906 0.037500 0.064062
3 0.249219 0.321875 0.060937 0.040625
3 0.939063 0.578125 0.065625 0.040625
3 0.939844 0.542188 0.060937 0.028125
3 0.267188 0.285156 0.056250 0.039062
3 0.982031 0.617969 0.032813 0.035937
3 0.380469 0.467969 0.057813 0.039062
3 0.778906 0.535937 0.060937 0.037500
3 0.799219 0.425781 0.060937 0.039062
3 0.946094 0.505469 0.060937 0.032813
3 0.807813 0.341406 0.059375 0.039062
3 0.729688 0.803125 0.065625 0.043750
3 0.979688 0.844531 0.037500 0.064062
3 0.371875 0.753125 0.065625 0.040625
3 0.764062 0.644531 0.065625 0.035937
3 0.180469 0.522656 0.073438 0.048438
3 0.778125 0.569531 0.068750 0.039062
3 0.452344 0.430469 0.042188 0.060937
3 0.369531 0.502344 0.064062 0.039062
3 0.204687 0.456250 0.071875 0.046875
3 0.754687 0.721094 0.071875 0.045312
3 0.949219 0.029687 0.070312 0.050000
3 0.445312 0.492969 0.056250 0.039062
3 0.753906 0.682031 0.067187 0.039062
3 0.766406 0.608594 0.067187 0.035937
3 0.360938 0.218750 0.040625 0.062500
3 0.489063 0.260937 0.046875 0.071875
3 0.384375 0.432812 0.056250 0.037500
3 0.349219 0.567969 0.064062 0.039062
3 0.951562 0.472656 0.065625 0.035937
3 0.918750 0.677344 0.075000 0.039062
3 0.738281 0.836719 0.067187 0.039062
3 0.735938 0.878125 0.065625 0.037500
3 0.741406 0.762500 0.067187 0.040625
3 0.959375 0.403906 0.062500 0.035937
3 0.483594 0.447656 0.042188 0.064062
3 0.958594 0.435156 0.060937 0.032813
3 0.574219 0.703125 0.067187 0.040625
3 0.530469 0.837500 0.079687 0.043750
3 0.436719 0.524219 0.060937 0.035937
3 0.923438 0.645312 0.065625 0.037500
3 0.795312 0.382812 0.059375 0.037500
3 0.298438 0.731250 0.065625 0.043750
3 0.361719 0.788281 0.060937 0.039062
3 0.843750 0.271094 0.053125 0.076563
3 0.932813 0.610156 0.065625 0.039062
3 0.378125 0.719531 0.065625 0.045312
3 0.394531 0.653125 0.070312 0.043750
3 0.397656 0.625000 0.070312 0.043750
3 0.789844 0.496875 0.060937 0.037500
