1 0.714844 0.286719 0.104688 0.126562
1 0.975000 0.061719 0.050000 0.114062
1 0.379688 0.979688 0.078125 0.040625
1 0.456250 0.475781 0.106250 0.132812
1 0.123438 0.675781 0.075000 0.079687
2 0.526563 0.430469 0.103125 0.135937
0 0.152344 0.948438 0.054688 0.062500
2 0.556250 0.399219 0.103125 0.139063
1 0.288281 0.900781 0.092188 0.082812
1 0.741406 0.267969 0.101562 0.139063
1 0.871875 0.168750 0.100000 0.131250
1 0.482031 0.453906 0.104688 0.126562
1 0.907031 0.145313 0.098437 0.131250
1 0.228906 0.807031 0.082812 0.076563
1 0.960938 0.092969 0.078125 0.139063
1 0.173437 0.738281 0.068750 0.076563
1 0.383594 0.534375 0.098437 0.134375
1 0.778125 0.235156 0.096875 0.135937
1 0.346094 0.962500 0.079687 0.071875
1 0.264062 0.869531 0.103125 0.092188
1 0.316406 0.932031 0.089063 0.079687
1 0.417969 0.503125 0.098437 0.134375
1 0.146875 0.707812 0.075000 0.075000
1 0.203125 0.766406 0.068750 0.073438
1 0.842187 0.192188 0.096875 0.131250
1 0.103125 0.644531 0.081250 0.073438
1 0.812500 0.531250 0.081250 0.081250
1 0.350000 0.564063 0.100000 0.137500
1 0.935156 0.115625 0.098437 0.131250
2 0.600000 0.378906 0.103125 0.139063
2 0.631250 0.363281 0.103125 0.139063
2 0.656250 0.333594 0.103125 0.139063
2 0.678125 0.308594 0.103125 0.139063
0 0.085156 0.917188 0.054688 0.062500
0 0.126562 0.973437 0.043750 0.053125
0 0.028906 0.960938 0.054688 0.062500
