3 0.441406 0.284375 0.057813 0.046875
3 0.669531 0.256250 0.051562 0.059375
3 0.675781 0.455469 0.045312 0.064062
3 0.313281 0.519531 0.067187 0.051562
3 0.428906 0.315625 0.057813 0.040625
3 0.830469 0.535937 0.048438 0.065625
3 0.647656 0.784375 0.045312 0.062500
3 0.067187 0.154688 0.075000 0.043750
3 0.550000 0.539062 0.046875 0.062500
3 0.493750 0.704688 0.053125 0.059375
3 0.882031 0.375781 0.064062 0.082812
3 0.907031 0.750000 0.051562 0.062500
3 0.406250 0.658594 0.046875 0.060937
3 0.738281 0.835156 0.054688 0.067187
3 0.528125 0.725781 0.043750 0.057813
3 0.761719 0.307812 0.051562 0.065625
3 0.765625 0.507031 0.050000 0.057813
3 0.433594 0.675000 0.045312 0.062500
3 0.614062 0.429688 0.053125 0.065625
3 0.637500 0.239844 0.062500 0.067187
3 0.792969 0.529687 0.045312 0.059375
3 0.377344 0.642969 0.051562 0.067187
3 0.582812 0.414062 0.059375 0.075000
3 0.735156 0.492188 0.051562 0.062500
3 0.609375 0.575781 0.053125 0.064062
3 0.697656 0.281250 0.051562 0.065625
3 0.474219 0.217188 0.057813 0.046875
3 0.921094 0.595313 0.051562 0.062500
3 0.889844 0.576562 0.051562 0.062500
