3 0.032813 0.941406 0.031250 0.076563
3 0.429688 0.987500 0.043750 0.021875
3 0.980469 0.865625 0.035937 0.068750
3 0.442188 0.714844 0.028125 0.067187
3 0.164062 0.659375 0.062500 0.050000
3 0.235156 0.338281 0.051562 0.070312
3 0.203125 0.850781 0.028125 0.057813
3 0.742969 0.821875 0.054688 0.046875
3 0.236719 0.826562 0.026562 0.059375
3 0.517969 0.754687 0.029687 0.071875
3 0.275781 0.893750 0.029687 0.075000
3 0.551562 0.453125 0.068750 0.053125
3 0.272656 0.807813 0.026562 0.062500
3 0.203125 0.642969 0.078125 0.051562
3 0.167187 0.867969 0.031250 0.064062
3 0.234375 0.625781 0.071875 0.051562
3 0.114844 0.702344 0.060937 0.048438
3 0.375781 0.735938 0.029687 0.068750
3 0.103125 0.893750 0.028125 0.075000
3 0.553125 0.721094 0.031250 0.067187
3 0.308594 0.786719 0.029687 0.064062
3 0.041406 0.739062 0.057813 0.046875
3 0.307031 0.862500 0.029687 0.071875
3 0.482031 0.773438 0.029687 0.075000
3 0.410156 0.727344 0.029687 0.064062
3 0.514062 0.468750 0.065625 0.053125
3 0.070312 0.713281 0.059375 0.045312
3 0.171875 0.375000 0.053125 0.065625
3 0.611719 0.908594 0.060937 0.045312
3 0.585156 0.636719 0.039062 0.079687
3 0.017188 0.756250 0.031250 0.046875
3 0.203125 0.930469 0.031250 0.064062
3 0.532813 0.942187 0.065625 0.059375
3 0.381250 0.545312 0.068750 0.056250
3 0.237500 0.908594 0.031250 0.070312
3 0.346094 0.778125 0.029687 0.059375
3 0.379688 0.835156 0.031250 0.070312
3 0.659375 0.396875 0.071875 0.059375
3 0.479687 0.694531 0.034375 0.070312
3 0.653125 0.600781 0.037500 0.079687
3 0.445312 0.507031 0.062500 0.054688
3 0.135156 0.969531 0.029687 0.060937
3 0.448437 0.794531 0.031250 0.067187
3 0.904687 0.722656 0.065625 0.048438
3 0.170313 0.942969 0.028125 0.060937
3 0.413281 0.812500 0.032813 0.078125
3 0.617188 0.409375 0.071875 0.056250
3 0.345313 0.847656 0.031250 0.064062
3 0.346875 0.567187 0.062500 0.056250
3 0.178906 0.597656 0.064062 0.051562
3 0.580469 0.430469 0.070312 0.051562
3 0.419531 0.528125 0.060937 0.053125
3 0.482031 0.490625 0.067187 0.053125
3 0.146094 0.685156 0.067187 0.054688
3 0.850000 0.769531 0.059375 0.051562
3 0.415625 0.240625 0.053125 0.071875
3 0.515625 0.967187 0.075000 0.062500
3 0.934375 0.700000 0.062500 0.050000
3 0.450781 0.439063 0.060937 0.053125
3 0.026562 0.683594 0.050000 0.048438
3 0.635156 0.884375 0.064062 0.046875
3 0.780469 0.805469 0.067187 0.054688
3 0.621094 0.696094 0.035937 0.073438
3 0.475781 0.208594 0.054688 0.073438
3 0.065625 0.925781 0.031250 0.073438
3 0.356250 0.267969 0.053125 0.064062
3 0.857031 0.973437 0.051562 0.053125
3 0.703125 0.842187 0.068750 0.059375
3 0.107813 0.632812 0.059375 0.046875
3 0.306250 0.585156 0.065625 0.051562
3 0.882812 0.748437 0.062500 0.053125
3 0.132812 0.881250 0.028125 0.075000
