0 0.546094 0.010156 0.032813 0.017188
0 0.576562 0.024219 0.053125 0.045312
0 0.595313 0.042969 0.053125 0.042188
0 0.682031 0.158594 0.051562 0.042188
0 0.727344 0.224219 0.054688 0.054688
0 0.846875 0.385156 0.050000 0.051562
0 0.873437 0.421094 0.053125 0.048438
0 0.893750 0.443750 0.053125 0.046875
0 0.918750 0.470313 0.053125 0.043750
0 0.957812 0.527344 0.056250 0.045312
0 0.973437 0.553906 0.050000 0.048438
0 0.742188 0.013281 0.046875 0.023438
0 0.765625 0.023438 0.050000 0.043750
0 0.785937 0.044531 0.050000 0.045312
0 0.805469 0.067187 0.051562 0.046875
0 0.827344 0.089063 0.051562 0.046875
0 0.846875 0.110156 0.050000 0.048438
0 0.866406 0.135937 0.048438 0.050000
0 0.889844 0.160156 0.051562 0.048438
0 0.909375 0.183594 0.050000 0.051562
0 0.930469 0.217969 0.051562 0.048438
0 0.952344 0.242188 0.048438 0.050000
0 0.972656 0.265625 0.051562 0.050000
0 0.983594 0.290625 0.029687 0.046875
0 0.906250 0.087500 0.053125 0.043750
0 0.885938 0.064844 0.050000 0.048438
0 0.865625 0.037500 0.056250 0.043750
0 0.847656 0.017969 0.048438 0.032813
3 0.367969 0.266406 0.057813 0.057813
3 0.185156 0.398438 0.054688 0.062500
