0 0.185938 0.008594 0.050000 0.014063
1 0.434375 0.681250 0.050000 0.078125
0 0.253906 0.862500 0.039062 0.059375
0 0.353906 0.690625 0.039062 0.059375
1 0.019531 0.921094 0.035937 0.076563
0 0.249219 0.712500 0.042188 0.059375
0 0.217188 0.125781 0.059375 0.035937
2 0.361719 0.496094 0.042188 0.076563
0 0.244531 0.426563 0.035937 0.056250
0 0.042188 0.487500 0.037500 0.056250
0 0.042969 0.592969 0.039062 0.054688
0 0.347656 0.832812 0.039062 0.062500
0 0.222656 0.871094 0.042188 0.060937
0 0.073438 0.475000 0.037500 0.056250
0 0.160156 0.888281 0.039062 0.057813
0 0.071875 0.763281 0.040625 0.057813
0 0.147656 0.745313 0.039062 0.059375
1 0.373437 0.396094 0.043750 0.076563
0 0.014063 0.492188 0.025000 0.053125
0 0.223438 0.154688 0.059375 0.034375
0 0.175000 0.557813 0.037500 0.056250
0 0.141406 0.456250 0.035937 0.056250
0 0.141406 0.564844 0.035937 0.057813
0 0.054688 0.915625 0.043750 0.056250
0 0.308594 0.521875 0.039062 0.056250
0 0.275781 0.529687 0.039062 0.056250
0 0.320312 0.695312 0.040625 0.059375
0 0.217188 0.727344 0.043750 0.060937
0 0.316406 0.842969 0.039062 0.060937
0 0.241406 0.539844 0.035937 0.054688
1 0.332813 0.407031 0.043750 0.079687
0 0.105469 0.465625 0.039062 0.056250
0 0.128906 0.896875 0.039062 0.059375
0 0.077344 0.583594 0.039062 0.054688
1 0.407031 0.479687 0.042188 0.081250
0 0.093750 0.909375 0.043750 0.059375
0 0.202344 0.064062 0.057813 0.037500
0 0.182031 0.729688 0.042188 0.062500
0 0.195312 0.032813 0.056250 0.037500
0 0.282813 0.700000 0.040625 0.059375
0 0.189062 0.879687 0.040625 0.059375
0 0.283594 0.852344 0.039062 0.057813
0 0.111719 0.753906 0.039062 0.060937
0 0.208594 0.550000 0.039062 0.056250
0 0.289844 0.417187 0.035937 0.056250
0 0.377344 0.821875 0.035937 0.071875
0 0.412500 0.813281 0.043750 0.070312
0 0.437500 0.800781 0.043750 0.067187
0 0.468750 0.796094 0.043750 0.067187
