0 0.092548 0.417067 0.074519 0.040865
0 0.094952 0.463942 0.069712 0.038462
0 0.098558 0.512019 0.072115 0.033654
0 0.099760 0.557692 0.069712 0.033654
0 0.100962 0.605769 0.072115 0.038462
0 0.108173 0.656250 0.076923 0.033654
0 0.108173 0.750000 0.067308 0.038462
0 0.112981 0.795673 0.072115 0.038462
0 0.115385 0.843750 0.072115 0.048077
0 0.120192 0.891827 0.067308 0.038462
0 0.122596 0.937500 0.067308 0.043269
0 0.126202 0.981971 0.069712 0.031250
1 0.248798 0.344952 0.093750 0.031250
1 0.252404 0.391827 0.100962 0.038462
1 0.256010 0.436298 0.093750 0.031250
1 0.257212 0.479567 0.096154 0.031250
1 0.263221 0.526442 0.098558 0.033654
1 0.265625 0.569712 0.098558 0.033654
1 0.266827 0.618990 0.096154 0.031250
1 0.269231 0.658654 0.096154 0.028846
1 0.272837 0.703125 0.098558 0.031250
1 0.276442 0.752404 0.100962 0.038462
1 0.277644 0.795673 0.098558 0.028846
1 0.278846 0.838942 0.096154 0.033654
1 0.281250 0.884615 0.096154 0.033654
1 0.281250 0.929087 0.096154 0.031250
1 0.286058 0.975962 0.105769 0.038462
