4 0.299219 0.537500 0.060937 0.115625
1 0.124219 0.878906 0.089063 0.167187
1 0.439844 0.792969 0.089063 0.170313
4 0.245312 0.975000 0.065625 0.050000
4 0.019531 0.934375 0.035937 0.084375
4 0.387500 0.369531 0.065625 0.123438
4 0.437500 0.941406 0.084375 0.117188
4 0.287500 0.966406 0.068750 0.067187
4 0.228125 0.558594 0.059375 0.107813
4 0.147656 0.984375 0.067187 0.031250
4 0.480469 0.487500 0.054688 0.118750
4 0.192188 0.977344 0.068750 0.045312
4 0.074219 0.604688 0.073438 0.115625
4 0.341406 0.956250 0.070312 0.087500
4 0.264844 0.556250 0.054688 0.106250
4 0.387500 0.949219 0.071875 0.101562
4 0.346094 0.524219 0.082812 0.139063
1 0.202344 0.054688 0.067187 0.106250
1 0.493750 0.774219 0.090625 0.160938
4 0.014844 0.492969 0.026562 0.089063
4 0.439844 0.503906 0.060937 0.110937
4 0.397656 0.514062 0.067187 0.109375
1 0.014844 0.135156 0.026562 0.110937
4 0.070312 0.920312 0.059375 0.096875
1 0.736719 0.507812 0.095312 0.062500
4 0.050781 0.482031 0.051562 0.085938
4 0.129688 0.585938 0.075000 0.112500
4 0.617969 0.159375 0.114062 0.081250
4 0.335938 0.385156 0.059375 0.095312
4 0.188281 0.575000 0.060937 0.109375
1 0.792969 0.672656 0.132812 0.067187
1 0.108594 0.085156 0.067187 0.114062
1 0.153125 0.059375 0.071875 0.112500
1 0.042188 0.116406 0.068750 0.104688
4 0.140625 0.442188 0.059375 0.084375
4 0.098437 0.466406 0.059375 0.092188
1 0.577344 0.039062 0.126562 0.075000
1 0.583594 0.087500 0.095312 0.065625
1 0.636719 0.228906 0.104688 0.057813
4 0.292187 0.400000 0.059375 0.090625
1 0.778906 0.629687 0.120313 0.059375
4 0.240625 0.410156 0.059375 0.095312
1 0.704688 0.410156 0.103125 0.064062
1 0.684375 0.319531 0.125000 0.070312
1 0.164844 0.857031 0.089063 0.167187
1 0.221094 0.839844 0.089063 0.167187
1 0.277344 0.832031 0.089063 0.167187
4 0.498437 0.934375 0.093750 0.131250
4 0.547656 0.928906 0.101562 0.142187
