3 0.089844 0.985156 0.070312 0.026562
3 0.031250 0.833594 0.056250 0.045312
3 0.046094 0.904687 0.060937 0.040625
3 0.836719 0.962500 0.045312 0.071875
3 0.729688 0.818750 0.043750 0.059375
3 0.012500 0.728906 0.021875 0.051562
3 0.203906 0.800781 0.070312 0.045312
2 0.484375 0.105469 0.096875 0.067187
2 0.463281 0.065625 0.101562 0.065625
2 0.442969 0.032813 0.098437 0.062500
3 0.037500 0.871875 0.062500 0.043750
3 0.771094 0.967187 0.054688 0.065625
3 0.026562 0.795312 0.050000 0.046875
3 0.799219 0.816406 0.051562 0.082812
3 0.180469 0.729688 0.067187 0.043750
3 0.132031 0.582812 0.067187 0.043750
2 0.976562 0.458594 0.046875 0.085938
2 0.825000 0.507812 0.056250 0.087500
2 0.676562 0.556250 0.050000 0.087500
2 0.780469 0.523438 0.060937 0.087500
3 0.192188 0.767188 0.071875 0.043750
2 0.881250 0.487500 0.056250 0.087500
2 0.934375 0.473438 0.053125 0.090625
3 0.074219 0.414062 0.070312 0.046875
3 0.217969 0.837500 0.067187 0.043750
3 0.161719 0.695312 0.070312 0.046875
2 0.733594 0.539062 0.057813 0.087500
3 0.060937 0.943750 0.065625 0.043750
