1 0.920312 0.795312 0.109375 0.043750
1 0.921875 0.836719 0.106250 0.042188
1 0.873437 0.703906 0.153125 0.054688
1 0.814063 0.871875 0.156250 0.056250
1 0.718750 0.780469 0.121875 0.042188
1 0.947656 0.900781 0.104688 0.048438
1 0.590625 0.765625 0.118750 0.056250
3 0.597656 0.167187 0.042188 0.087500
1 0.722656 0.736719 0.132812 0.051562
1 0.601562 0.810937 0.156250 0.050000
1 0.668750 0.950781 0.125000 0.054688
3 0.902344 0.207031 0.042188 0.079687
1 0.735156 0.692187 0.142187 0.056250
3 0.219531 0.066406 0.045312 0.082812
3 0.557813 0.169531 0.040625 0.070312
3 0.495312 0.158594 0.040625 0.070312
0 0.982812 0.848437 0.034375 0.040625
1 0.948438 0.755469 0.103125 0.042188
