3 0.019531 0.292969 0.035937 0.067187
3 0.221094 0.067187 0.064062 0.059375
3 0.260156 0.114062 0.064062 0.062500
3 0.230469 0.366406 0.070312 0.070312
3 0.174219 0.207813 0.054688 0.059375
3 0.130469 0.477344 0.076563 0.079687
3 0.872656 0.070312 0.073438 0.068750
2 0.920312 0.951562 0.059375 0.078125
3 0.350781 0.248438 0.057813 0.062500
3 0.092188 0.291406 0.071875 0.057813
3 0.690625 0.015625 0.056250 0.028125
3 0.921094 0.028125 0.082812 0.053125
3 0.142969 0.229687 0.064062 0.059375
3 0.073438 0.218750 0.078125 0.062500
3 0.160156 0.547656 0.060937 0.057813
3 0.435156 0.518750 0.064062 0.050000
3 0.243750 0.130469 0.059375 0.060937
3 0.197656 0.188281 0.057813 0.054688
3 0.338281 0.035156 0.054688 0.054688
3 0.823438 0.122656 0.068750 0.067187
3 0.929688 0.144531 0.059375 0.057813
3 0.221094 0.167969 0.057813 0.057813
3 0.600781 0.339844 0.067187 0.060937
3 0.192188 0.429688 0.068750 0.068750
3 0.071094 0.308594 0.076563 0.070312
3 0.172656 0.785156 0.067187 0.070312
3 0.055469 0.344531 0.064062 0.064062
3 0.025000 0.368750 0.046875 0.068750
3 0.478125 0.466406 0.075000 0.064062
3 0.556250 0.389844 0.062500 0.060937
3 0.308594 0.301563 0.064062 0.059375
3 0.027344 0.607031 0.051562 0.073438
3 0.203906 0.404687 0.064062 0.065625
3 0.144531 0.135156 0.073438 0.073438
3 0.450781 0.489844 0.067187 0.060937
3 0.101562 0.189844 0.068750 0.064062
3 0.504687 0.443750 0.065625 0.059375
3 0.253125 0.352344 0.065625 0.064062
3 0.572656 0.363281 0.076563 0.073438
3 0.382031 0.563281 0.070312 0.067187
3 0.091406 0.628906 0.060937 0.057813
3 0.371094 0.226562 0.057813 0.062500
3 0.400781 0.206250 0.057813 0.062500
3 0.416406 0.173437 0.057813 0.062500
3 0.452344 0.154688 0.057813 0.062500
3 0.499219 0.198437 0.057813 0.062500
3 0.471094 0.229687 0.057813 0.062500
3 0.458594 0.254688 0.057813 0.062500
3 0.419531 0.275000 0.057813 0.062500
3 0.403906 0.296875 0.057813 0.062500
3 0.384375 0.328125 0.059375 0.062500
3 0.356250 0.346875 0.059375 0.062500
