3 0.195312 0.478906 0.053125 0.057813
3 0.053906 0.323437 0.042188 0.053125
3 0.114062 0.352344 0.050000 0.060937
3 0.229687 0.497656 0.059375 0.067187
3 0.132031 0.750781 0.060937 0.060937
3 0.085938 0.698438 0.065625 0.065625
3 0.141406 0.440625 0.051562 0.056250
3 0.302344 0.258594 0.051562 0.060937
3 0.016406 0.089063 0.029687 0.071875
3 0.239063 0.228906 0.068750 0.070312
3 0.252344 0.750781 0.073438 0.054688
3 0.390625 0.317188 0.056250 0.065625
3 0.047656 0.497656 0.064062 0.060937
3 0.329688 0.628906 0.071875 0.054688
3 0.030469 0.614844 0.057813 0.060937
3 0.271875 0.432812 0.043750 0.059375
3 0.178125 0.460156 0.053125 0.057813
3 0.121094 0.426563 0.051562 0.056250
