3 0.100000 0.899219 0.034375 0.070312
3 0.217969 0.494531 0.039062 0.060937
3 0.109375 0.747656 0.034375 0.067187
3 0.075781 0.744531 0.032813 0.073438
3 0.063281 0.481250 0.035937 0.059375
3 0.169531 0.904687 0.032813 0.065625
3 0.010937 0.733594 0.018750 0.085938
3 0.396094 0.513281 0.035937 0.060937
3 0.031250 0.898438 0.034375 0.059375
3 0.327344 0.685937 0.035937 0.065625
3 0.246094 0.901563 0.032813 0.062500
3 0.228125 0.747656 0.037500 0.064062
3 0.014063 0.656250 0.025000 0.065625
3 0.267969 0.751563 0.035937 0.068750
3 0.065625 0.896094 0.031250 0.060937
3 0.025000 0.480469 0.037500 0.064062
3 0.351562 0.765625 0.037500 0.059375
3 0.084375 0.672656 0.034375 0.067187
3 0.345313 0.916406 0.037500 0.067187
3 0.035937 0.736719 0.040625 0.076563
3 0.153125 0.679688 0.034375 0.059375
3 0.190625 0.678125 0.034375 0.059375
3 0.100781 0.488281 0.042188 0.073438
3 0.143750 0.754687 0.034375 0.059375
3 0.206250 0.901563 0.037500 0.075000
3 0.460156 0.523438 0.035937 0.059375
3 0.278125 0.907031 0.037500 0.064062
3 0.237500 0.680469 0.034375 0.060937
3 0.253906 0.506250 0.039062 0.065625
3 0.361719 0.516406 0.035937 0.064062
3 0.146094 0.493750 0.039062 0.062500
3 0.273438 0.682813 0.034375 0.062500
3 0.368750 0.692969 0.034375 0.064062
3 0.319531 0.757812 0.035937 0.056250
3 0.182812 0.749219 0.034375 0.060937
3 0.134375 0.902344 0.034375 0.067187
3 0.182812 0.493750 0.034375 0.059375
3 0.050000 0.659375 0.040625 0.065625
