3 0.934375 0.589844 0.043750 0.073438
3 0.539062 0.450000 0.040625 0.075000
3 0.679688 0.481250 0.040625 0.059375
3 0.163281 0.438281 0.060937 0.039062
3 0.571875 0.460938 0.037500 0.068750
3 0.151562 0.398438 0.059375 0.037500
3 0.032813 0.180469 0.053125 0.045312
3 0.435937 0.260937 0.040625 0.084375
3 0.229687 0.013281 0.071875 0.023438
3 0.925781 0.029687 0.039062 0.056250
3 0.042969 0.025781 0.060937 0.039062
3 0.021094 0.259375 0.039062 0.046875
3 0.681250 0.235156 0.043750 0.076563
3 0.316406 0.667188 0.029687 0.059375
3 0.217188 0.650781 0.031250 0.054688
3 0.271094 0.247656 0.070312 0.039062
3 0.182031 0.646875 0.032813 0.059375
3 0.817969 0.246875 0.042188 0.075000
3 0.207813 0.130469 0.062500 0.042188
3 0.214844 0.083594 0.073438 0.045312
3 0.621094 0.715625 0.039062 0.059375
3 0.113281 0.629687 0.032813 0.059375
3 0.257031 0.314063 0.070312 0.040625
3 0.301563 0.041406 0.059375 0.035937
3 0.508594 0.208594 0.039062 0.060937
3 0.582812 0.211719 0.040625 0.070312
3 0.441406 0.438281 0.035937 0.064062
