3 0.013281 0.435937 0.023438 0.068750
3 0.985938 0.353906 0.028125 0.060937
3 0.096094 0.185156 0.042188 0.073438
3 0.527344 0.256250 0.035937 0.062500
3 0.974219 0.385156 0.048438 0.064062
3 0.902344 0.498437 0.051562 0.065625
3 0.697656 0.287500 0.039062 0.071875
3 0.017969 0.171094 0.032813 0.057813
3 0.849219 0.571094 0.054688 0.064062
3 0.051562 0.178125 0.037500 0.062500
3 0.871875 0.535156 0.050000 0.057813
3 0.057031 0.358594 0.039062 0.067187
3 0.623437 0.271094 0.034375 0.060937
3 0.928125 0.457031 0.046875 0.057813
3 0.657813 0.281250 0.034375 0.059375
3 0.950000 0.411719 0.059375 0.060937
