0 0.972656 0.680469 0.054688 0.054688
0 0.980469 0.645312 0.039062 0.053125
0 0.680469 0.852344 0.092188 0.067187
0 0.853125 0.903906 0.071875 0.060937
0 0.833594 0.938281 0.073438 0.057813
1 0.806250 0.649219 0.093750 0.082812
0 0.737500 0.945312 0.071875 0.056250
1 0.751563 0.738281 0.090625 0.067187
1 0.629687 0.965625 0.087500 0.056250
0 0.833594 0.587500 0.067187 0.053125
0 0.857031 0.541406 0.064062 0.054688
1 0.531250 0.832031 0.112500 0.154688
0 0.907813 0.522656 0.084375 0.070312
0 0.961719 0.719531 0.076563 0.057813
0 0.943750 0.751563 0.071875 0.056250
0 0.818750 0.969531 0.075000 0.057813
