3 0.017188 0.404687 0.031250 0.071875
3 0.151562 0.269531 0.056250 0.054688
3 0.728125 0.600781 0.059375 0.057813
3 0.078906 0.681250 0.067187 0.059375
3 0.941406 0.163281 0.060937 0.060937
3 0.326562 0.432031 0.062500 0.060937
3 0.013281 0.455469 0.023438 0.067187
3 0.405469 0.232813 0.064062 0.068750
3 0.136719 0.529687 0.073438 0.068750
3 0.205469 0.222656 0.060937 0.060937
3 0.225000 0.431250 0.062500 0.059375
3 0.812500 0.291406 0.056250 0.057813
3 0.020313 0.326562 0.034375 0.062500
3 0.046094 0.600000 0.079687 0.078125
3 0.339844 0.302344 0.067187 0.060937
3 0.108594 0.324219 0.054688 0.060937
3 0.517188 0.236719 0.071875 0.073438
3 0.129688 0.632812 0.062500 0.065625
3 0.671875 0.657813 0.065625 0.065625
3 0.060156 0.368750 0.057813 0.062500
3 0.671094 0.435937 0.076563 0.078125
3 0.030469 0.389844 0.054688 0.067187
3 0.367188 0.282031 0.059375 0.064062
3 0.150781 0.607031 0.064062 0.067187
3 0.104688 0.224219 0.065625 0.060937
3 0.057813 0.268750 0.056250 0.056250
3 0.032813 0.298438 0.056250 0.062500
3 0.321094 0.332031 0.064062 0.067187
3 0.372656 0.378906 0.064062 0.067187
3 0.203125 0.460938 0.062500 0.059375
3 0.165625 0.481250 0.062500 0.059375
3 0.223438 0.532813 0.062500 0.059375
3 0.245312 0.515625 0.062500 0.059375
3 0.267188 0.485938 0.062500 0.059375
3 0.296875 0.459375 0.062500 0.059375
3 0.082031 0.048438 0.054688 0.050000
3 0.495312 0.620313 0.071875 0.071875
3 0.363281 0.760938 0.060937 0.068750
3 0.411719 0.710938 0.060937 0.068750
3 0.223438 0.775000 0.071875 0.071875
3 0.180469 0.579688 0.067187 0.059375
3 0.140625 0.197656 0.068750 0.060937
