3 0.846875 0.441406 0.059375 0.032813
3 0.610938 0.470313 0.078125 0.040625
3 0.578125 0.296094 0.068750 0.035937
3 0.875781 0.938281 0.045312 0.060937
3 0.781250 0.974219 0.043750 0.048438
3 0.584375 0.853906 0.062500 0.042188
3 0.787500 0.128906 0.062500 0.032813
3 0.597656 0.887500 0.067187 0.046875
3 0.636719 0.542188 0.073438 0.040625
3 0.835938 0.375000 0.065625 0.037500
3 0.609375 0.908594 0.075000 0.048438
3 0.569531 0.821875 0.067187 0.046875
3 0.413281 0.215625 0.064062 0.031250
3 0.555469 0.117969 0.067187 0.035937
3 0.644531 0.179688 0.070312 0.034375
3 0.409375 0.179688 0.062500 0.034375
3 0.808594 0.784375 0.070312 0.043750
3 0.945312 0.698438 0.068750 0.046875
3 0.772656 0.717187 0.067187 0.040625
3 0.670312 0.645312 0.075000 0.046875
3 0.405469 0.145313 0.067187 0.031250
3 0.801562 0.160938 0.062500 0.031250
3 0.585938 0.330469 0.071875 0.042188
3 0.643750 0.140625 0.071875 0.034375
3 0.502344 0.618750 0.076563 0.046875
3 0.625000 0.945312 0.062500 0.050000
3 0.721875 0.780469 0.071875 0.051562
3 0.652344 0.580469 0.073438 0.048438
3 0.930469 0.667188 0.070312 0.050000
3 0.788281 0.751563 0.070312 0.043750
3 0.651563 0.244531 0.075000 0.039062
3 0.419531 0.253906 0.067187 0.035937
3 0.820312 0.301563 0.062500 0.034375
3 0.839844 0.406250 0.057813 0.034375
3 0.679688 0.349219 0.078125 0.045312
3 0.552344 0.078125 0.064062 0.034375
3 0.536719 0.725781 0.057813 0.042188
3 0.690625 0.457031 0.071875 0.045312
3 0.734375 0.588281 0.068750 0.045312
3 0.892188 0.570312 0.062500 0.037500
3 0.810156 0.198437 0.067187 0.037500
3 0.595313 0.364844 0.071875 0.042188
3 0.839063 0.946094 0.040625 0.057813
3 0.957812 0.730469 0.065625 0.042188
3 0.693750 0.714844 0.068750 0.045312
3 0.568750 0.257031 0.071875 0.042188
3 0.561719 0.786719 0.067187 0.045312
3 0.632031 0.509375 0.070312 0.040625
3 0.908594 0.921875 0.042188 0.062500
3 0.458594 0.428125 0.039062 0.037500
3 0.447656 0.350000 0.039062 0.037500
3 0.441406 0.315625 0.039062 0.037500
3 0.744531 0.978125 0.039062 0.043750
