0 0.614844 0.500000 0.054688 0.071875
0 0.690625 0.382031 0.053125 0.067187
0 0.976562 0.222656 0.046875 0.067187
0 0.976562 0.303125 0.046875 0.065625
0 0.722656 0.439844 0.051562 0.070312
0 0.921094 0.253906 0.051562 0.067187
0 0.893750 0.267969 0.046875 0.067187
0 0.952344 0.234375 0.054688 0.065625
0 0.588281 0.433594 0.048438 0.060937
0 0.905469 0.366406 0.057813 0.064062
0 0.715625 0.517188 0.056250 0.071875
0 0.232031 0.960938 0.067187 0.056250
0 0.751563 0.499219 0.053125 0.067187
0 0.857812 0.290625 0.053125 0.068750
1 0.489063 0.537500 0.087500 0.121875
0 0.689844 0.462500 0.054688 0.065625
0 0.954688 0.317188 0.050000 0.062500
0 0.655469 0.399219 0.048438 0.064062
1 0.532031 0.603906 0.089063 0.114062
0 0.621094 0.416406 0.048438 0.060937
0 0.253125 0.986719 0.062500 0.026562
0 0.157812 0.983594 0.062500 0.032813
1 0.551562 0.473438 0.075000 0.096875
1 0.369531 0.595313 0.082812 0.103125
1 0.457813 0.563281 0.084375 0.114062
1 0.502344 0.636719 0.089063 0.104688
1 0.341406 0.604688 0.085938 0.109375
1 0.380469 0.741406 0.095312 0.126562
1 0.407813 0.717187 0.090625 0.121875
1 0.583594 0.592187 0.079687 0.096875
1 0.474219 0.665625 0.082812 0.103125
1 0.513281 0.503125 0.070312 0.093750
1 0.796875 0.342969 0.075000 0.110937
1 0.307812 0.625781 0.084375 0.110937
1 0.408594 0.579688 0.070312 0.096875
1 0.438281 0.696094 0.079687 0.117188
1 0.343750 0.767969 0.087500 0.132812
0 0.650781 0.482812 0.054688 0.071875
0 0.675781 0.540625 0.054688 0.071875
