2 0.778125 0.796875 0.100000 0.050000
2 0.876563 0.985938 0.112500 0.028125
2 0.970313 0.985156 0.059375 0.029687
2 0.889844 0.417969 0.051562 0.092188
2 0.925781 0.875781 0.132812 0.064062
2 0.923438 0.937500 0.128125 0.059375
2 0.814063 0.889844 0.121875 0.057813
2 0.812500 0.946875 0.125000 0.053125
2 0.978125 0.414844 0.043750 0.095312
2 0.850000 0.420312 0.053125 0.096875
2 0.933594 0.418750 0.051562 0.096875
2 0.751563 0.411719 0.053125 0.095312
2 0.800000 0.413281 0.050000 0.095312
2 0.704688 0.407031 0.050000 0.095312
2 0.773438 0.744531 0.100000 0.051562
2 0.885156 0.737500 0.110937 0.053125
2 0.886719 0.789062 0.110937 0.053125
4 0.693750 0.640625 0.059375 0.137500
4 0.746875 0.643750 0.059375 0.137500
4 0.798438 0.646875 0.059375 0.137500
4 0.850000 0.640625 0.059375 0.137500
4 0.904687 0.640625 0.059375 0.137500
4 0.960938 0.635938 0.059375 0.137500
2 0.698438 0.519531 0.053125 0.114062
2 0.735938 0.516406 0.053125 0.114062
2 0.773438 0.510156 0.053125 0.114062
2 0.820312 0.514844 0.053125 0.114062
2 0.862500 0.513281 0.053125 0.114062
2 0.912500 0.513281 0.053125 0.114062
