0 0.484375 0.739844 0.071875 0.035937
0 0.941406 0.912500 0.067187 0.037500
0 0.857812 0.950781 0.065625 0.048438
3 0.812500 0.682031 0.087500 0.039062
3 0.956250 0.692969 0.087500 0.039062
3 0.959375 0.606250 0.081250 0.034375
3 0.954688 0.368750 0.081250 0.034375
3 0.956250 0.296094 0.087500 0.035937
3 0.956250 0.255469 0.087500 0.035937
3 0.847656 0.546875 0.085938 0.043750
3 0.835156 0.457813 0.070312 0.043750
3 0.839844 0.495312 0.070312 0.043750
3 0.841406 0.592187 0.070312 0.043750
3 0.832031 0.628125 0.070312 0.043750
3 0.947656 0.648438 0.070312 0.043750
3 0.964844 0.515625 0.070312 0.043750
3 0.964063 0.562500 0.071875 0.031250
