1 0.064844 0.303125 0.051562 0.131250
3 0.034375 0.101562 0.046875 0.062500
3 0.941406 0.207031 0.057813 0.060937
0 0.651563 0.973437 0.037500 0.053125
3 0.610938 0.347656 0.040625 0.110937
1 0.245312 0.320312 0.050000 0.121875
1 0.327344 0.339062 0.051562 0.125000
2 0.285156 0.318750 0.039062 0.090625
0 0.371094 0.379688 0.045312 0.068750
0 0.441406 0.392188 0.045312 0.068750
0 0.480469 0.390625 0.045312 0.068750
0 0.519531 0.389062 0.045312 0.068750
0 0.558594 0.401562 0.045312 0.068750
0 0.571094 0.342187 0.045312 0.068750
0 0.524219 0.321875 0.045312 0.068750
0 0.492969 0.314063 0.045312 0.068750
0 0.452344 0.318750 0.045312 0.068750
0 0.417969 0.309375 0.045312 0.068750
0 0.378906 0.307812 0.045312 0.068750
