1 0.053125 0.065319 0.065625 0.071540
4 0.728125 0.879471 0.090625 0.091757
4 0.657031 0.901244 0.098437 0.073095
3 0.585156 0.035770 0.054688 0.052877
3 0.606250 0.059098 0.050000 0.046656
3 0.647656 0.112753 0.035937 0.038880
3 0.669531 0.125194 0.035937 0.038880
3 0.349219 0.459565 0.054688 0.051322
3 0.371094 0.486003 0.054688 0.054432
3 0.414844 0.530327 0.045312 0.040435
3 0.434375 0.552877 0.062500 0.051322
3 0.453906 0.581649 0.048438 0.046656
3 0.475781 0.604199 0.048438 0.057543
3 0.520312 0.641524 0.050000 0.045101
3 0.536719 0.671851 0.057813 0.059098
3 0.555469 0.695956 0.048438 0.051322
3 0.573438 0.718507 0.046875 0.046656
3 0.596094 0.740280 0.048438 0.046656
3 0.058594 0.595645 0.082812 0.083981
1 0.125000 0.658631 0.078125 0.076205
1 0.151562 0.689736 0.075000 0.069984
1 0.208594 0.745723 0.070312 0.079316
1 0.212500 0.795490 0.131250 0.135303
