4 0.403125 0.466406 0.043750 0.107813
4 0.340625 0.635156 0.043750 0.107813
0 0.391406 0.561719 0.042188 0.070312
0 0.439844 0.482031 0.042188 0.070312
0 0.299219 0.660156 0.042188 0.070312
0 0.258594 0.660156 0.042188 0.070312
0 0.533594 0.683594 0.042188 0.070312
0 0.200000 0.724219 0.065625 0.039062
1 0.429688 0.648438 0.043750 0.115625
1 0.485938 0.648438 0.043750 0.115625
1 0.032031 0.914062 0.042188 0.096875
1 0.192969 0.792188 0.092188 0.037500
1 0.185156 0.848437 0.092188 0.037500
1 0.242969 0.914844 0.042188 0.089063
1 0.302344 0.930469 0.042188 0.089063
1 0.455469 0.938281 0.042188 0.089063
1 0.500781 0.941406 0.042188 0.089063
1 0.546094 0.946094 0.042188 0.089063
3 0.343750 0.934375 0.037500 0.075000
3 0.379688 0.937500 0.037500 0.075000
3 0.419531 0.937500 0.032813 0.081250
