1 0.502344 0.592187 0.142187 0.062500
1 0.507812 0.510938 0.134375 0.053125
1 0.025781 0.189844 0.048438 0.132812
4 0.547656 0.150781 0.151562 0.057813
3 0.273438 0.199219 0.046875 0.076563
3 0.523438 0.389844 0.096875 0.042188
3 0.553906 0.328906 0.057813 0.042188
3 0.552344 0.289844 0.057813 0.042188
3 0.561719 0.255469 0.057813 0.042188
3 0.496875 0.828125 0.075000 0.034375
3 0.204687 0.759375 0.037500 0.068750
3 0.166406 0.755469 0.045312 0.082812
3 0.124219 0.753906 0.045312 0.082812
3 0.018750 0.737500 0.034375 0.071875
3 0.117188 0.333594 0.096875 0.054688
3 0.123438 0.393750 0.112500 0.056250
