1 0.109375 0.294531 0.040625 0.085938
1 0.321875 0.297656 0.040625 0.085938
1 0.378125 0.314844 0.040625 0.085938
1 0.534375 0.317969 0.040625 0.085938
1 0.573438 0.324219 0.040625 0.085938
1 0.626563 0.327344 0.040625 0.085938
0 0.332031 0.042188 0.042188 0.065625
0 0.371094 0.040625 0.042188 0.065625
0 0.278125 0.106250 0.062500 0.037500
1 0.274219 0.175000 0.092188 0.037500
1 0.264844 0.231250 0.092188 0.037500
0 0.610156 0.068750 0.042188 0.065625
3 0.423438 0.314844 0.037500 0.082812
3 0.459375 0.321094 0.037500 0.082812
3 0.496875 0.319531 0.037500 0.082812
4 0.417187 0.039844 0.043750 0.076563
1 0.504687 0.044531 0.050000 0.085938
1 0.565625 0.046875 0.043750 0.090625
