3 0.185938 0.729688 0.062500 0.034375
3 0.319531 0.555469 0.039062 0.067187
3 0.457813 0.542188 0.043750 0.059375
3 0.656250 0.442969 0.050000 0.060937
3 0.521094 0.958594 0.039062 0.067187
3 0.542969 0.885938 0.035937 0.056250
3 0.558594 0.763281 0.039062 0.067187
1 0.869531 0.668750 0.048438 0.125000
2 0.907813 0.657813 0.040625 0.093750
1 0.949219 0.679688 0.054688 0.125000
0 0.985938 0.720313 0.028125 0.071875
0 0.990625 0.647656 0.018750 0.067187
1 0.688281 0.640625 0.051562 0.125000
1 0.600781 0.678906 0.054688 0.135937
