1 0.240625 0.814844 0.125000 0.048438
1 0.632812 0.875781 0.128125 0.057813
1 0.643750 0.832031 0.128125 0.057813
1 0.642188 0.785156 0.128125 0.057813
1 0.646875 0.733594 0.128125 0.057813
1 0.925781 0.743750 0.060937 0.153125
1 0.935156 0.548438 0.060937 0.153125
4 0.267188 0.393750 0.084375 0.043750
4 0.325000 0.462500 0.084375 0.043750
4 0.240625 0.517188 0.084375 0.043750
4 0.237500 0.570312 0.084375 0.043750
1 0.690625 0.018750 0.128125 0.034375
1 0.690625 0.053906 0.128125 0.035937
1 0.681250 0.086719 0.128125 0.035937
1 0.692969 0.147656 0.126562 0.042188
1 0.689844 0.186719 0.126562 0.042188
1 0.682031 0.233594 0.126562 0.042188
1 0.685156 0.280469 0.126562 0.042188
1 0.678906 0.333594 0.126562 0.042188
1 0.665625 0.384375 0.128125 0.053125
1 0.665625 0.425000 0.128125 0.053125
1 0.660937 0.467187 0.128125 0.053125
1 0.665625 0.507812 0.128125 0.053125
