2 0.175000 0.024219 0.090625 0.045312
2 0.912500 0.035156 0.087500 0.060937
2 0.910937 0.077344 0.087500 0.060937
2 0.912500 0.121094 0.087500 0.060937
2 0.910937 0.166406 0.087500 0.060937
2 0.910937 0.213281 0.087500 0.060937
2 0.909375 0.255469 0.087500 0.060937
2 0.912500 0.335156 0.087500 0.060937
2 0.914062 0.419531 0.087500 0.060937
2 0.915625 0.621094 0.087500 0.060937
2 0.915625 0.678906 0.087500 0.060937
2 0.914062 0.728906 0.087500 0.060937
2 0.915625 0.817187 0.084375 0.065625
2 0.633594 0.543750 0.089063 0.078125
2 0.632031 0.080469 0.085938 0.067187
2 0.746875 0.158594 0.096875 0.073438
2 0.743750 0.205469 0.096875 0.073438
2 0.623437 0.124219 0.090625 0.070312
2 0.626563 0.174219 0.090625 0.070312
2 0.631250 0.262500 0.087500 0.084375
2 0.632812 0.310937 0.084375 0.075000
2 0.626563 0.364063 0.084375 0.075000
2 0.632031 0.592187 0.089063 0.078125
2 0.635156 0.643750 0.089063 0.078125
2 0.632031 0.696875 0.089063 0.078125
2 0.641406 0.848437 0.089063 0.078125
2 0.735156 0.812500 0.089063 0.078125
2 0.732031 0.867188 0.089063 0.078125
2 0.436719 0.623437 0.089063 0.078125
2 0.433594 0.712500 0.089063 0.078125
2 0.435156 0.820312 0.089063 0.078125
2 0.435156 0.873437 0.089063 0.078125
2 0.435156 0.931250 0.089063 0.078125
2 0.177344 0.925781 0.089063 0.064062
2 0.172656 0.874219 0.089063 0.064062
2 0.172656 0.830469 0.089063 0.064062
2 0.175781 0.741406 0.085938 0.073438
2 0.169531 0.448437 0.095312 0.078125
2 0.174219 0.403125 0.095312 0.078125
2 0.177344 0.350000 0.095312 0.078125
2 0.172656 0.303125 0.095312 0.078125
2 0.178906 0.260937 0.095312 0.078125
2 0.170313 0.209375 0.090625 0.071875
2 0.167187 0.159375 0.090625 0.071875
2 0.173437 0.107813 0.090625 0.071875
2 0.178125 0.059375 0.090625 0.071875
