0 0.022656 0.093750 0.042188 0.078125
0 0.064062 0.098437 0.046875 0.084375
0 0.104688 0.101562 0.046875 0.084375
0 0.150000 0.103125 0.046875 0.084375
0 0.196875 0.109375 0.046875 0.084375
0 0.243750 0.112500 0.046875 0.084375
0 0.285938 0.114062 0.046875 0.084375
0 0.344531 0.096094 0.051562 0.120313
0 0.401562 0.108594 0.062500 0.117188
0 0.435937 0.142969 0.062500 0.117188
0 0.490625 0.168750 0.068750 0.159375
0 0.542969 0.182812 0.067187 0.175000
0 0.292187 0.878125 0.050000 0.087500
0 0.334375 0.895312 0.050000 0.087500
0 0.385937 0.887500 0.050000 0.087500
0 0.431250 0.903125 0.050000 0.087500
3 0.082031 0.025000 0.092188 0.043750
