1 0.340625 0.911719 0.131250 0.054688
2 0.852344 0.021875 0.092188 0.040625
2 0.847656 0.072656 0.092188 0.042188
2 0.848437 0.122656 0.090625 0.051562
2 0.840625 0.300781 0.090625 0.051562
2 0.835938 0.439844 0.090625 0.051562
2 0.835938 0.469531 0.090625 0.051562
2 0.832812 0.522656 0.090625 0.051562
2 0.828125 0.563281 0.090625 0.051562
2 0.820312 0.613281 0.090625 0.051562
2 0.818750 0.660156 0.090625 0.051562
2 0.815625 0.733594 0.090625 0.051562
2 0.815625 0.767969 0.090625 0.051562
2 0.817187 0.805469 0.090625 0.051562
2 0.821875 0.978125 0.078125 0.043750
2 0.812500 0.939063 0.093750 0.050000
