2 0.039062 0.357031 0.050000 0.082812
2 0.120313 0.352344 0.050000 0.082812
2 0.204687 0.350781 0.050000 0.082812
2 0.248438 0.350781 0.050000 0.082812
2 0.372656 0.349219 0.057813 0.089063
2 0.366406 0.514062 0.073438 0.090625
2 0.163281 0.703125 0.073438 0.090625
2 0.250781 0.709375 0.073438 0.090625
2 0.029687 0.457813 0.056250 0.087500
2 0.069531 0.457813 0.057813 0.087500
2 0.111719 0.459375 0.057813 0.087500
2 0.152344 0.456250 0.057813 0.087500
2 0.196094 0.453125 0.057813 0.087500
2 0.238281 0.454688 0.057813 0.087500
2 0.285156 0.450000 0.057813 0.087500
2 0.027344 0.792188 0.051562 0.093750
2 0.107031 0.796094 0.064062 0.092188
2 0.149219 0.796094 0.064062 0.092188
2 0.192969 0.796094 0.064062 0.092188
2 0.239844 0.796094 0.064062 0.092188
