2 0.483594 0.492969 0.067187 0.101562
2 0.535156 0.485156 0.067187 0.101562
2 0.575781 0.477344 0.067187 0.101562
2 0.627344 0.472656 0.079687 0.095312
2 0.675781 0.467187 0.076563 0.087500
2 0.738281 0.478125 0.076563 0.087500
2 0.799219 0.485156 0.073438 0.092188
2 0.521875 0.374219 0.081250 0.082812
2 0.582812 0.364844 0.081250 0.082812
2 0.637500 0.368750 0.071875 0.087500
2 0.687500 0.368750 0.071875 0.087500
2 0.735938 0.371875 0.071875 0.087500
2 0.776563 0.373437 0.071875 0.087500
2 0.823438 0.378125 0.071875 0.087500
2 0.876563 0.379688 0.071875 0.087500
2 0.923438 0.392188 0.071875 0.087500
2 0.971875 0.375000 0.056250 0.084375
