1 0.263281 0.358594 0.145313 0.067187
1 0.271094 0.407813 0.114062 0.050000
1 0.575000 0.440625 0.106250 0.059375
1 0.878125 0.476562 0.115625 0.059375
1 0.879687 0.515625 0.115625 0.059375
1 0.882812 0.564063 0.115625 0.059375
1 0.870313 0.617188 0.115625 0.059375
1 0.862500 0.660937 0.115625 0.059375
1 0.862500 0.704688 0.115625 0.059375
1 0.860938 0.757812 0.115625 0.059375
1 0.532031 0.866406 0.148438 0.070312
0 0.253125 0.736719 0.081250 0.054688
0 0.653125 0.027344 0.081250 0.051562
0 0.651563 0.075000 0.081250 0.053125
0 0.584375 0.721094 0.081250 0.054688
0 0.587500 0.671094 0.081250 0.054688
0 0.595313 0.632031 0.081250 0.054688
0 0.598437 0.585156 0.081250 0.054688
0 0.603125 0.538281 0.081250 0.054688
0 0.596875 0.491406 0.081250 0.054688
4 0.834375 0.845313 0.103125 0.062500
4 0.906250 0.150000 0.103125 0.062500
4 0.923438 0.100000 0.153125 0.062500
4 0.918750 0.049219 0.106250 0.057813
0 0.273438 0.508594 0.081250 0.054688
4 0.864844 0.800000 0.148438 0.053125
