1 0.435937 0.963281 0.109375 0.057813
1 0.885938 0.845313 0.118750 0.131250
1 0.928125 0.753906 0.134375 0.132812
1 0.965625 0.721094 0.068750 0.098437
1 0.953125 0.626563 0.093750 0.100000
1 0.969531 0.576562 0.060937 0.084375
1 0.966406 0.515625 0.067187 0.075000
1 0.814063 0.534375 0.115625 0.137500
1 0.807813 0.304688 0.115625 0.137500
1 0.817187 0.234375 0.115625 0.137500
1 0.821875 0.165625 0.115625 0.137500
1 0.831250 0.104688 0.115625 0.137500
1 0.846875 0.060156 0.118750 0.117188
1 0.879687 0.032031 0.075000 0.060937
1 0.975781 0.433594 0.048438 0.079687
