4 0.090625 0.210938 0.150000 0.075000
4 0.106250 0.121875 0.150000 0.075000
4 0.349219 0.807813 0.123438 0.053125
4 0.372656 0.760938 0.123438 0.053125
4 0.371094 0.715625 0.123438 0.053125
4 0.366406 0.664062 0.135937 0.056250
4 0.385156 0.618750 0.123438 0.053125
4 0.389844 0.575000 0.123438 0.053125
4 0.064844 0.497656 0.126562 0.060937
4 0.064844 0.542969 0.126562 0.060937
4 0.060156 0.590625 0.117188 0.059375
4 0.057031 0.634375 0.110937 0.065625
4 0.053906 0.685156 0.104688 0.064062
1 0.118750 0.031250 0.118750 0.059375
1 0.040625 0.817187 0.078125 0.056250
1 0.536719 0.541406 0.139063 0.070312
1 0.536719 0.588281 0.139063 0.070312
1 0.539844 0.632031 0.117188 0.064062
1 0.528906 0.680469 0.117188 0.064062
1 0.528906 0.732031 0.117188 0.064062
0 0.795312 0.849219 0.090625 0.057813
0 0.787500 0.938281 0.090625 0.057813
0 0.781250 0.986719 0.078125 0.026562
1 0.873437 0.109375 0.115625 0.053125
0 0.817187 0.674219 0.090625 0.057813
0 0.820312 0.625781 0.090625 0.057813
0 0.820312 0.577344 0.090625 0.057813
0 0.862500 0.158594 0.090625 0.057813
0 0.609375 0.036719 0.090625 0.057813
0 0.610938 0.080469 0.090625 0.057813
0 0.393750 0.063281 0.090625 0.057813
0 0.936719 0.903125 0.054688 0.084375
0 0.955469 0.773438 0.054688 0.084375
1 0.971875 0.663281 0.056250 0.117188
1 0.385937 0.146094 0.109375 0.060937
