0 0.114062 0.522656 0.087500 0.054688
0 0.110937 0.569531 0.087500 0.054688
0 0.100000 0.614844 0.087500 0.054688
0 0.095312 0.661719 0.087500 0.054688
0 0.203125 0.627344 0.087500 0.054688
0 0.206250 0.577344 0.087500 0.054688
0 0.185938 0.714844 0.087500 0.054688
0 0.084375 0.746094 0.087500 0.054688
1 0.097656 0.801562 0.101562 0.062500
1 0.102344 0.851562 0.101562 0.062500
1 0.100781 0.980469 0.142187 0.039062
0 0.082812 0.897656 0.087500 0.054688
0 0.167187 0.907031 0.087500 0.054688
0 0.079687 0.941406 0.087500 0.054688
1 0.957031 0.744531 0.051562 0.123438
3 0.526563 0.202344 0.065625 0.042188
