1 0.353906 0.725781 0.107813 0.070312
1 0.350781 0.674219 0.107813 0.070312
1 0.350781 0.546094 0.107813 0.070312
1 0.352344 0.507031 0.107813 0.070312
1 0.350781 0.464844 0.107813 0.070312
1 0.350781 0.419531 0.107813 0.070312
1 0.352344 0.329688 0.107813 0.071875
1 0.355469 0.290625 0.107813 0.071875
1 0.355469 0.250000 0.101562 0.087500
1 0.357031 0.209375 0.101562 0.087500
1 0.355469 0.157812 0.101562 0.087500
1 0.355469 0.107813 0.101562 0.087500
1 0.357031 0.053125 0.101562 0.087500
1 0.367188 0.021875 0.084375 0.040625
1 0.642188 0.025781 0.103125 0.048438
1 0.639062 0.060156 0.100000 0.060937
1 0.637500 0.103906 0.100000 0.060937
1 0.637500 0.180469 0.093750 0.057813
1 0.634375 0.222656 0.093750 0.057813
1 0.634375 0.263281 0.093750 0.057813
1 0.632812 0.297656 0.093750 0.057813
1 0.632812 0.339844 0.093750 0.057813
1 0.635938 0.377344 0.093750 0.057813
1 0.634375 0.421094 0.093750 0.057813
1 0.635938 0.458594 0.093750 0.057813
1 0.635938 0.502344 0.093750 0.057813
1 0.635938 0.542969 0.093750 0.057813
1 0.632812 0.622656 0.093750 0.057813
1 0.631250 0.655469 0.093750 0.057813
1 0.629687 0.694531 0.093750 0.057813
1 0.631250 0.783594 0.093750 0.057813
1 0.631250 0.824219 0.093750 0.057813
1 0.632812 0.861719 0.093750 0.057813
1 0.642188 0.894531 0.093750 0.057813
1 0.639062 0.936719 0.093750 0.057813
1 0.631250 0.971094 0.093750 0.057813
