0 0.159375 0.042969 0.087500 0.048438
0 0.151562 0.091406 0.087500 0.048438
0 0.151562 0.139844 0.087500 0.048438
0 0.056250 0.077344 0.087500 0.048438
0 0.046875 0.128906 0.087500 0.048438
0 0.044531 0.177344 0.085938 0.048438
0 0.051562 0.314844 0.087500 0.048438
0 0.125000 0.325781 0.087500 0.048438
0 0.033594 0.357812 0.064062 0.046875
0 0.032813 0.397656 0.062500 0.045312
0 0.028906 0.446875 0.054688 0.043750
0 0.028906 0.489063 0.054688 0.043750
0 0.024219 0.537500 0.045312 0.046875
0 0.022656 0.585156 0.042188 0.045312
0 0.024219 0.635938 0.045312 0.046875
0 0.019531 0.679688 0.035937 0.053125
0 0.104688 0.407031 0.078125 0.048438
0 0.099219 0.452344 0.085938 0.051562
0 0.096094 0.502344 0.085938 0.051562
0 0.091406 0.549219 0.085938 0.051562
0 0.055469 0.919531 0.079687 0.048438
0 0.050000 0.970313 0.081250 0.040625
1 0.397656 0.128125 0.060937 0.171875
1 0.380469 0.300000 0.060937 0.171875
0 0.040625 0.269531 0.078125 0.054688
0 0.042969 0.230469 0.079687 0.054688
