1 0.364844 0.080469 0.173437 0.070312
1 0.374219 0.132812 0.151562 0.062500
1 0.358594 0.268750 0.151562 0.062500
1 0.350781 0.315625 0.151562 0.062500
1 0.360156 0.361719 0.120313 0.057813
1 0.353906 0.405469 0.120313 0.057813
1 0.355469 0.458594 0.120313 0.057813
1 0.635156 0.350781 0.120313 0.057813
1 0.642969 0.305469 0.120313 0.057813
1 0.649219 0.257031 0.120313 0.057813
1 0.664062 0.211719 0.146875 0.060937
1 0.657031 0.165625 0.114062 0.056250
1 0.685156 0.071094 0.160938 0.064062
1 0.697656 0.030469 0.167187 0.057813
3 0.769531 0.442188 0.045312 0.081250
3 0.790625 0.315625 0.050000 0.106250
1 0.114844 0.944531 0.145313 0.070312
0 0.097656 0.803906 0.082812 0.057813
0 0.311719 0.777344 0.082812 0.057813
0 0.317969 0.686719 0.082812 0.057813
0 0.132031 0.478906 0.082812 0.057813
0 0.171094 0.391406 0.082812 0.057813
0 0.605469 0.530469 0.082812 0.057813
0 0.602344 0.577344 0.082812 0.057813
0 0.591406 0.624219 0.082812 0.057813
0 0.586719 0.672656 0.082812 0.057813
0 0.577344 0.763281 0.082812 0.057813
0 0.569531 0.811719 0.082812 0.057813
0 0.564844 0.853906 0.082812 0.057813
0 0.561719 0.892969 0.082812 0.057813
0 0.561719 0.942969 0.082812 0.057813
0 0.555469 0.985938 0.079687 0.028125
