2 0.109375 0.414844 0.090625 0.048438
2 0.101562 0.547656 0.090625 0.048438
2 0.056250 0.610156 0.081250 0.045312
2 0.107813 0.502344 0.081250 0.045312
2 0.106250 0.457031 0.081250 0.045312
1 0.370312 0.657031 0.087500 0.126562
1 0.364063 0.728906 0.087500 0.126562
2 0.581250 0.775000 0.071875 0.087500
2 0.739062 0.778125 0.071875 0.087500
1 0.797656 0.680469 0.076563 0.101562
2 0.843750 0.781250 0.071875 0.087500
2 0.898438 0.782813 0.071875 0.087500
2 0.959375 0.776563 0.071875 0.087500
4 0.900000 0.500000 0.040625 0.075000
