2 0.058594 0.091406 0.092188 0.082812
2 0.050781 0.185156 0.092188 0.082812
2 0.055469 0.289844 0.092188 0.082812
2 0.060156 0.342969 0.092188 0.082812
2 0.052344 0.405469 0.092188 0.082812
2 0.060156 0.591406 0.092188 0.082812
2 0.058594 0.655469 0.092188 0.082812
2 0.058594 0.699219 0.092188 0.082812
2 0.257031 0.921094 0.092188 0.070312
2 0.260156 0.697656 0.092188 0.082812
2 0.258594 0.483594 0.092188 0.082812
2 0.263281 0.316406 0.092188 0.082812
2 0.255469 0.164844 0.092188 0.082812
2 0.257031 0.117969 0.092188 0.082812
2 0.256250 0.062500 0.087500 0.062500
2 0.257812 0.022656 0.081250 0.042188
2 0.537500 0.092188 0.090625 0.059375
2 0.537500 0.146875 0.090625 0.059375
2 0.535937 0.198437 0.090625 0.059375
2 0.535156 0.285938 0.089063 0.071875
2 0.354687 0.284375 0.090625 0.075000
2 0.356250 0.343750 0.090625 0.075000
2 0.368750 0.615625 0.090625 0.075000
2 0.364063 0.725000 0.090625 0.075000
2 0.357812 0.835938 0.090625 0.075000
2 0.645312 0.265625 0.090625 0.075000
2 0.650000 0.037500 0.090625 0.071875
2 0.651563 0.077344 0.090625 0.073438
2 0.645312 0.128906 0.090625 0.073438
2 0.645312 0.172656 0.090625 0.073438
2 0.645312 0.316406 0.090625 0.073438
2 0.642188 0.358594 0.090625 0.073438
2 0.634375 0.544531 0.090625 0.073438
2 0.631250 0.596094 0.090625 0.073438
2 0.631250 0.688281 0.090625 0.073438
2 0.629687 0.747656 0.090625 0.073438
2 0.632812 0.798438 0.090625 0.075000
2 0.628125 0.850000 0.090625 0.075000
2 0.629687 0.893750 0.090625 0.075000
2 0.631250 0.951562 0.090625 0.075000
2 0.628906 0.978906 0.085938 0.042188
2 0.540625 0.581250 0.084375 0.084375
2 0.545312 0.632031 0.084375 0.073438
2 0.546875 0.678906 0.084375 0.073438
2 0.545312 0.727344 0.084375 0.073438
2 0.543750 0.825781 0.084375 0.073438
2 0.546875 0.963281 0.084375 0.073438
2 0.895312 0.711719 0.090625 0.054688
2 0.910937 0.011719 0.087500 0.020313
