2 0.046875 0.548438 0.059375 0.093750
2 0.150781 0.548438 0.070312 0.096875
2 0.200781 0.553125 0.070312 0.096875
2 0.239844 0.551562 0.070312 0.096875
2 0.285156 0.551562 0.070312 0.096875
2 0.373437 0.553906 0.065625 0.085938
2 0.459375 0.545312 0.071875 0.090625
2 0.507812 0.546875 0.071875 0.090625
2 0.593750 0.553125 0.068750 0.093750
2 0.637500 0.559375 0.068750 0.093750
2 0.678125 0.568750 0.068750 0.093750
2 0.765625 0.562500 0.068750 0.093750
2 0.856250 0.557813 0.068750 0.093750
2 0.954688 0.559375 0.068750 0.093750
