2 0.172656 0.015625 0.051562 0.028125
2 0.465625 0.021094 0.043750 0.039062
2 0.228906 0.018750 0.042188 0.034375
2 0.272656 0.018750 0.042188 0.034375
2 0.167187 0.075000 0.050000 0.084375
2 0.231250 0.078125 0.050000 0.084375
2 0.415625 0.067187 0.053125 0.093750
2 0.471875 0.082812 0.053125 0.081250
2 0.523438 0.139063 0.059375 0.087500
2 0.475000 0.175000 0.059375 0.087500
2 0.418750 0.165625 0.059375 0.087500
2 0.234375 0.181250 0.059375 0.087500
2 0.164062 0.167187 0.059375 0.087500
2 0.168750 0.253125 0.059375 0.087500
2 0.226562 0.276562 0.059375 0.087500
2 0.404687 0.257812 0.059375 0.087500
2 0.393750 0.359375 0.059375 0.087500
2 0.309375 0.359375 0.059375 0.087500
2 0.226562 0.379688 0.059375 0.087500
2 0.217188 0.468750 0.059375 0.087500
2 0.307812 0.450000 0.059375 0.087500
2 0.385937 0.456250 0.059375 0.087500
2 0.432812 0.554688 0.059375 0.087500
2 0.346875 0.542188 0.059375 0.087500
2 0.268750 0.526563 0.059375 0.087500
2 0.218750 0.571875 0.059375 0.087500
2 0.214062 0.668750 0.059375 0.087500
3 0.965625 0.109375 0.031250 0.059375
3 0.951562 0.446875 0.031250 0.059375
3 0.957032 0.603125 0.032813 0.071875
