2 0.358594 0.021875 0.082812 0.040625
2 0.355469 0.051562 0.082812 0.046875
2 0.355469 0.089063 0.082812 0.046875
2 0.352344 0.123438 0.082812 0.046875
2 0.355469 0.157812 0.082812 0.046875
2 0.353906 0.236719 0.082812 0.048438
2 0.354687 0.308594 0.084375 0.054688
2 0.354687 0.272656 0.084375 0.054688
2 0.353125 0.196094 0.084375 0.054688
2 0.372656 0.443750 0.089063 0.062500
2 0.371094 0.482812 0.089063 0.062500
2 0.371094 0.526563 0.089063 0.062500
2 0.367969 0.568750 0.089063 0.062500
2 0.361719 0.643750 0.089063 0.062500
2 0.367969 0.684375 0.089063 0.062500
2 0.369531 0.731250 0.089063 0.062500
2 0.371094 0.806250 0.089063 0.062500
2 0.369531 0.846875 0.089063 0.062500
2 0.372656 0.887500 0.089063 0.062500
2 0.369531 0.931250 0.089063 0.062500
2 0.367969 0.973437 0.082812 0.053125
2 0.639062 0.034375 0.081250 0.056250
2 0.640625 0.073438 0.081250 0.056250
2 0.637500 0.210938 0.081250 0.056250
2 0.635938 0.248438 0.081250 0.056250
2 0.640625 0.289062 0.081250 0.056250
2 0.639062 0.331250 0.081250 0.056250
2 0.637500 0.401562 0.081250 0.056250
2 0.637500 0.439063 0.081250 0.056250
2 0.639062 0.473438 0.081250 0.056250
2 0.635938 0.518750 0.081250 0.056250
2 0.634375 0.554688 0.081250 0.056250
2 0.634375 0.600000 0.081250 0.056250
2 0.629687 0.721875 0.081250 0.056250
2 0.631250 0.762500 0.081250 0.056250
2 0.632812 0.796875 0.081250 0.056250
2 0.632812 0.875000 0.081250 0.056250
2 0.629687 0.918750 0.081250 0.056250
2 0.626563 0.965625 0.081250 0.056250
