1 0.057813 0.492969 0.112500 0.057813
1 0.057813 0.439844 0.112500 0.057813
1 0.058594 0.389844 0.114062 0.057813
1 0.083594 0.208594 0.114062 0.057813
1 0.083594 0.163281 0.114062 0.057813
1 0.088281 0.111719 0.114062 0.057813
1 0.094531 0.069531 0.114062 0.057813
1 0.541406 0.398438 0.104688 0.062500
1 0.550000 0.070312 0.150000 0.075000
1 0.553906 0.164844 0.107813 0.057813
1 0.552344 0.210938 0.110937 0.059375
1 0.544531 0.256250 0.110937 0.059375
1 0.542969 0.306250 0.110937 0.059375
0 0.825781 0.064062 0.079687 0.046875
0 0.825781 0.024219 0.079687 0.045312
0 0.100781 0.028906 0.079687 0.048438
0 0.105469 0.260937 0.079687 0.046875
0 0.077344 0.303125 0.079687 0.046875
0 0.069531 0.348438 0.079687 0.046875
3 0.817969 0.757812 0.051562 0.093750
0 0.581250 0.028906 0.075000 0.051562
