1 0.029687 0.329688 0.056250 0.106250
1 0.033594 0.255469 0.064062 0.114062
1 0.040625 0.125781 0.078125 0.126562
1 0.060156 0.025781 0.073438 0.048438
1 0.471875 0.029687 0.053125 0.056250
1 0.460938 0.246875 0.065625 0.121875
1 0.646094 0.281250 0.098437 0.050000
1 0.401562 0.600781 0.053125 0.157812
0 0.278906 0.251563 0.082812 0.053125
0 0.282031 0.204687 0.082812 0.053125
0 0.291406 0.156250 0.082812 0.053125
0 0.289844 0.109375 0.082812 0.053125
0 0.292969 0.065625 0.082812 0.053125
0 0.299219 0.026562 0.082812 0.050000
0 0.592969 0.460938 0.085938 0.053125
1 0.024219 0.468750 0.045312 0.090625
1 0.024219 0.548438 0.045312 0.075000
1 0.018750 0.610938 0.034375 0.053125
