2 0.185156 0.012500 0.132812 0.021875
4 0.224219 0.201563 0.089063 0.043750
4 0.232031 0.259375 0.089063 0.043750
4 0.225781 0.304688 0.089063 0.043750
4 0.232031 0.353125 0.089063 0.043750
4 0.225000 0.399219 0.075000 0.042188
0 0.231250 0.500781 0.084375 0.048438
0 0.226562 0.449219 0.084375 0.048438
2 0.476562 0.192969 0.100000 0.048438
2 0.469531 0.237500 0.095312 0.046875
2 0.474219 0.278125 0.095312 0.046875
2 0.478906 0.362500 0.095312 0.046875
2 0.478906 0.445312 0.095312 0.046875
2 0.480469 0.492188 0.095312 0.046875
2 0.483594 0.576562 0.095312 0.046875
2 0.485156 0.625000 0.095312 0.046875
2 0.482031 0.687500 0.095312 0.046875
2 0.489844 0.748437 0.095312 0.046875
2 0.489844 0.790625 0.095312 0.046875
2 0.489844 0.834375 0.095312 0.046875
2 0.480469 0.917188 0.095312 0.046875
2 0.483594 0.965625 0.095312 0.046875
2 0.216406 0.982812 0.107813 0.034375
2 0.550781 0.881250 0.045312 0.093750
2 0.764062 0.329688 0.053125 0.090625
2 0.828125 0.233594 0.087500 0.051562
2 0.748437 0.507812 0.053125 0.090625
2 0.821875 0.559375 0.090625 0.059375
2 0.817187 0.707812 0.090625 0.059375
2 0.820312 0.754687 0.090625 0.059375
2 0.809375 0.849219 0.090625 0.057813
2 0.800000 0.899219 0.090625 0.057813
2 0.796875 0.957031 0.090625 0.057813
2 0.796094 0.987500 0.095312 0.025000
2 0.730469 0.892969 0.054688 0.098437
