1 0.396094 0.174219 0.089063 0.064062
1 0.394531 0.217969 0.089063 0.064062
1 0.392969 0.260156 0.089063 0.064062
1 0.394531 0.299219 0.089063 0.064062
1 0.394531 0.346094 0.089063 0.064062
1 0.392969 0.382031 0.089063 0.064062
1 0.392969 0.424219 0.089063 0.064062
1 0.396094 0.472656 0.089063 0.064062
1 0.392969 0.516406 0.089063 0.064062
1 0.391406 0.550781 0.089063 0.064062
1 0.391406 0.599219 0.089063 0.064062
1 0.392969 0.636719 0.089063 0.064062
1 0.394531 0.682031 0.089063 0.064062
1 0.396094 0.727344 0.089063 0.064062
1 0.391406 0.769531 0.089063 0.064062
1 0.389844 0.807031 0.089063 0.064062
1 0.389844 0.975000 0.092188 0.050000
1 0.389844 0.850781 0.089063 0.064062
1 0.389844 0.888281 0.089063 0.064062
1 0.392969 0.933594 0.089063 0.064062
1 0.786719 0.192969 0.089063 0.064062
1 0.786719 0.241406 0.089063 0.064062
1 0.785156 0.282031 0.089063 0.064062
1 0.771875 0.982812 0.090625 0.031250
1 0.767969 0.958594 0.089063 0.064062
1 0.771094 0.910156 0.089063 0.064062
1 0.771094 0.869531 0.089063 0.064062
1 0.772656 0.828906 0.089063 0.064062
1 0.774219 0.778906 0.089063 0.064062
1 0.772656 0.738281 0.089063 0.064062
1 0.772656 0.703906 0.089063 0.064062
1 0.772656 0.661719 0.089063 0.064062
1 0.775781 0.619531 0.089063 0.064062
1 0.775781 0.583594 0.089063 0.064062
1 0.777344 0.538281 0.089063 0.064062
1 0.778906 0.499219 0.089063 0.064062
1 0.782031 0.457031 0.089063 0.064062
1 0.780469 0.416406 0.089063 0.064062
1 0.786719 0.328906 0.089063 0.064062
1 0.778906 0.367969 0.089063 0.064062
