2 0.577344 0.585938 0.054688 0.096875
2 0.049219 0.943750 0.079687 0.093750
2 0.103906 0.942187 0.079687 0.093750
2 0.158594 0.951562 0.079687 0.093750
2 0.207031 0.953125 0.079687 0.093750
2 0.271094 0.953125 0.079687 0.093750
2 0.844531 0.100000 0.092188 0.081250
2 0.842969 0.192188 0.092188 0.081250
2 0.846094 0.250000 0.092188 0.081250
2 0.850781 0.292187 0.092188 0.081250
2 0.842969 0.340625 0.092188 0.081250
2 0.838281 0.387500 0.092188 0.081250
2 0.838281 0.435937 0.092188 0.081250
2 0.850781 0.487500 0.092188 0.081250
2 0.844531 0.523438 0.092188 0.081250
2 0.846094 0.579688 0.092188 0.081250
2 0.849219 0.632812 0.092188 0.081250
2 0.842969 0.671875 0.092188 0.081250
2 0.850781 0.968750 0.085938 0.059375
