1 0.615625 0.301563 0.162500 0.087500
1 0.728906 0.225781 0.114062 0.060937
1 0.736719 0.086719 0.114062 0.060937
1 0.802344 0.142969 0.114062 0.060937
1 0.802344 0.283594 0.114062 0.060937
1 0.802344 0.332031 0.114062 0.060937
1 0.778906 0.464844 0.114062 0.060937
1 0.766406 0.510156 0.114062 0.060937
1 0.782813 0.563281 0.109375 0.054688
1 0.767188 0.609375 0.118750 0.062500
1 0.959375 0.987500 0.081250 0.021875
1 0.964063 0.954688 0.071875 0.046875
1 0.964063 0.912500 0.071875 0.046875
1 0.970313 0.866406 0.059375 0.042188
1 0.973437 0.771094 0.053125 0.045312
1 0.973437 0.724219 0.053125 0.045312
1 0.981250 0.677344 0.037500 0.045312
0 0.541406 0.682031 0.082812 0.054688
0 0.533594 0.724219 0.082812 0.054688
0 0.530469 0.769531 0.082812 0.054688
0 0.524219 0.814844 0.082812 0.054688
0 0.524219 0.863281 0.082812 0.054688
0 0.536719 0.907031 0.082812 0.054688
0 0.502344 0.957031 0.082812 0.054688
0 0.244531 0.972656 0.082812 0.054688
0 0.277344 0.928906 0.082812 0.054688
0 0.277344 0.883594 0.082812 0.054688
0 0.282031 0.839844 0.082812 0.054688
0 0.302344 0.794531 0.082812 0.054688
0 0.211719 0.791406 0.082812 0.054688
0 0.199219 0.835156 0.082812 0.054688
0 0.197656 0.880469 0.082812 0.054688
0 0.232031 0.647656 0.082812 0.054688
0 0.314844 0.666406 0.082812 0.054688
1 0.293750 0.177344 0.109375 0.073438
1 0.270313 0.360156 0.109375 0.073438
1 0.345313 0.099219 0.109375 0.073438
0 0.299219 0.046094 0.082812 0.054688
0 0.303906 0.517969 0.082812 0.054688
0 0.324219 0.474219 0.082812 0.054688
0 0.328906 0.435156 0.082812 0.054688
0 0.228906 0.416406 0.082812 0.054688
0 0.230469 0.467969 0.082812 0.054688
0 0.321094 0.566406 0.082812 0.054688
0 0.314844 0.616406 0.082812 0.054688
0 0.236719 0.599219 0.082812 0.054688
0 0.735156 0.935156 0.082812 0.054688
0 0.735938 0.976562 0.087500 0.046875
