2 0.162500 0.023438 0.096875 0.040625
2 0.165625 0.068750 0.096875 0.040625
2 0.162500 0.112500 0.096875 0.040625
2 0.225782 0.157032 0.051562 0.089063
2 0.157032 0.189062 0.098437 0.040625
2 0.157812 0.242188 0.093750 0.050000
2 0.156250 0.290625 0.093750 0.050000
2 0.159375 0.345313 0.093750 0.050000
2 0.228906 0.356250 0.057813 0.090625
2 0.132812 0.449219 0.062500 0.092188
2 0.145313 0.540625 0.090625 0.059375
2 0.142187 0.626563 0.062500 0.090625
2 0.211719 0.633594 0.045312 0.092188
2 0.250782 0.633594 0.045312 0.092188
2 0.211719 0.728906 0.045312 0.092188
2 0.244532 0.728906 0.045312 0.092188
2 0.149219 0.824219 0.045312 0.092188
2 0.208594 0.825782 0.045312 0.092188
2 0.252344 0.828906 0.045312 0.092188
2 0.141406 0.978906 0.045312 0.042188
2 0.211719 0.985156 0.051562 0.029687
2 0.210156 0.918750 0.045312 0.084375
2 0.142969 0.912500 0.045312 0.084375
2 0.397656 0.980469 0.051562 0.039062
2 0.446875 0.982032 0.043750 0.035937
2 0.500000 0.965625 0.043750 0.068750
2 0.391406 0.898438 0.045312 0.093750
2 0.446875 0.916406 0.046875 0.085938
2 0.443750 0.832032 0.046875 0.085938
2 0.445312 0.739844 0.046875 0.085938
2 0.454688 0.644532 0.046875 0.085938
2 0.454688 0.546094 0.046875 0.085938
2 0.503906 0.491406 0.045312 0.095312
2 0.457032 0.461719 0.045312 0.095312
2 0.468750 0.396875 0.090625 0.050000
2 0.392188 0.352344 0.046875 0.095312
2 0.406250 0.164844 0.046875 0.095312
2 0.497656 0.032032 0.092188 0.051562
2 0.485156 0.121094 0.092188 0.051562
2 0.475000 0.174219 0.090625 0.060937
2 0.471875 0.232813 0.090625 0.050000
2 0.473438 0.270313 0.093750 0.050000
2 0.469532 0.319532 0.089063 0.051562
3 0.942187 0.485938 0.034375 0.062500
3 0.939063 0.945312 0.034375 0.062500
