1 0.642188 0.403125 0.093750 0.065625
1 0.373437 0.027344 0.109375 0.051562
1 0.373437 0.056250 0.112500 0.068750
1 0.368750 0.091406 0.112500 0.070312
1 0.368750 0.135156 0.112500 0.070312
1 0.371094 0.411719 0.117188 0.073438
1 0.367969 0.458594 0.117188 0.073438
1 0.366406 0.494531 0.117188 0.073438
1 0.364844 0.536719 0.117188 0.073438
1 0.366406 0.582031 0.117188 0.073438
1 0.363281 0.624219 0.117188 0.073438
1 0.366406 0.667969 0.117188 0.073438
1 0.363281 0.708594 0.117188 0.073438
1 0.363281 0.749219 0.117188 0.073438
1 0.646875 0.443750 0.093750 0.065625
1 0.648438 0.482812 0.093750 0.065625
1 0.640625 0.518750 0.093750 0.065625
1 0.637500 0.560937 0.093750 0.065625
1 0.639062 0.604688 0.093750 0.065625
1 0.639062 0.638281 0.093750 0.057813
1 0.637500 0.683594 0.093750 0.057813
1 0.637500 0.725781 0.093750 0.057813
1 0.635938 0.769531 0.093750 0.057813
1 0.633594 0.973437 0.092188 0.050000
