1 0.342969 0.436719 0.110937 0.085938
1 0.341406 0.480469 0.110937 0.085938
1 0.342969 0.527344 0.110937 0.085938
1 0.336719 0.571094 0.110937 0.085938
1 0.336719 0.611719 0.110937 0.085938
1 0.335156 0.655469 0.110937 0.085938
1 0.335156 0.703906 0.110937 0.085938
1 0.333594 0.752344 0.110937 0.085938
1 0.332031 0.808594 0.110937 0.085938
1 0.330469 0.858594 0.110937 0.085938
1 0.332031 0.914844 0.110937 0.085938
1 0.328906 0.957031 0.110937 0.085938
1 0.317188 0.982031 0.065625 0.035937
1 0.621875 0.475000 0.087500 0.071875
1 0.621875 0.525000 0.087500 0.071875
1 0.621875 0.567187 0.087500 0.071875
1 0.620313 0.604688 0.087500 0.071875
1 0.625000 0.648438 0.087500 0.071875
1 0.621875 0.692187 0.087500 0.071875
1 0.620313 0.739062 0.087500 0.071875
1 0.620313 0.775000 0.087500 0.071875
1 0.621875 0.823438 0.087500 0.071875
1 0.617188 0.860938 0.087500 0.071875
1 0.617188 0.903125 0.087500 0.071875
1 0.617969 0.978906 0.089063 0.042188
