1 0.429688 0.014844 0.087500 0.026562
1 0.808594 0.025000 0.095312 0.046875
1 0.792969 0.982031 0.092188 0.032813
1 0.410938 0.985156 0.068750 0.029687
1 0.416406 0.957031 0.085938 0.064062
1 0.416406 0.911719 0.085938 0.064062
1 0.422656 0.867969 0.085938 0.064062
1 0.422656 0.825781 0.085938 0.064062
1 0.422656 0.775000 0.085938 0.065625
1 0.421094 0.729688 0.085938 0.065625
1 0.421094 0.679688 0.085938 0.065625
1 0.421094 0.640625 0.085938 0.065625
1 0.422656 0.593750 0.085938 0.065625
1 0.422656 0.548438 0.085938 0.065625
1 0.422656 0.503125 0.085938 0.065625
1 0.422656 0.462500 0.085938 0.065625
1 0.422656 0.414062 0.085938 0.065625
1 0.422656 0.368750 0.085938 0.065625
1 0.422656 0.334375 0.085938 0.065625
1 0.424219 0.289062 0.085938 0.065625
1 0.422656 0.237500 0.085938 0.065625
1 0.421094 0.204687 0.085938 0.065625
1 0.424219 0.159375 0.085938 0.065625
1 0.424219 0.121875 0.085938 0.065625
1 0.421094 0.076563 0.085938 0.065625
1 0.424219 0.034375 0.085938 0.065625
1 0.803906 0.061719 0.095312 0.048438
1 0.807031 0.100781 0.095312 0.048438
1 0.803906 0.144531 0.095312 0.048438
1 0.799219 0.182031 0.095312 0.048438
1 0.802344 0.223438 0.095312 0.050000
1 0.802344 0.266406 0.095312 0.048438
1 0.799219 0.310156 0.095312 0.048438
1 0.800781 0.353125 0.092188 0.056250
1 0.800781 0.392188 0.092188 0.056250
1 0.800781 0.440625 0.092188 0.056250
1 0.800781 0.484375 0.092188 0.056250
1 0.803906 0.523438 0.092188 0.056250
1 0.797656 0.565625 0.092188 0.056250
1 0.796094 0.659375 0.092188 0.056250
1 0.796094 0.607812 0.092188 0.056250
1 0.794531 0.706250 0.092188 0.056250
1 0.792969 0.750781 0.092188 0.064062
1 0.796094 0.802344 0.092188 0.064062
1 0.796094 0.853906 0.092188 0.064062
1 0.794531 0.907031 0.092188 0.064062
1 0.789844 0.947656 0.092188 0.064062
