1 0.235937 0.096094 0.146875 0.142187
1 0.216406 0.392969 0.142187 0.129688
1 0.200781 0.442969 0.142187 0.129688
1 0.196094 0.558594 0.142187 0.129688
1 0.184375 0.671094 0.143750 0.142187
1 0.173437 0.721094 0.143750 0.142187
1 0.189062 0.797656 0.137500 0.123438
1 0.167187 0.833594 0.143750 0.142187
1 0.162500 0.899219 0.143750 0.142187
1 0.165625 0.943750 0.134375 0.112500
1 0.517188 0.400000 0.118750 0.065625
1 0.553125 0.267188 0.106250 0.062500
1 0.574219 0.035937 0.132812 0.068750
0 0.494531 0.618750 0.082812 0.050000
0 0.503906 0.568750 0.079687 0.056250
0 0.514844 0.507812 0.079687 0.056250
0 0.528906 0.315625 0.079687 0.056250
