1 0.080469 0.190625 0.114062 0.137500
1 0.110156 0.335938 0.114062 0.137500
1 0.105469 0.396875 0.114062 0.137500
1 0.094531 0.457813 0.114062 0.137500
1 0.053906 0.466406 0.104688 0.151562
1 0.371094 0.649219 0.148438 0.067187
1 0.389062 0.371094 0.109375 0.064062
1 0.382812 0.413281 0.109375 0.064062
1 0.376563 0.464844 0.109375 0.064062
1 0.368750 0.560156 0.109375 0.064062
0 0.333594 0.789062 0.085938 0.053125
0 0.311719 0.929688 0.085938 0.053125
0 0.308594 0.972656 0.085938 0.054688
1 0.036719 0.970313 0.070312 0.056250
1 0.053125 0.929688 0.100000 0.118750
0 0.133594 0.166406 0.067187 0.082812
1 0.472656 0.973437 0.048438 0.053125
