1 0.360156 0.042969 0.114062 0.070312
1 0.366406 0.094531 0.114062 0.070312
1 0.350781 0.633594 0.114062 0.070312
1 0.353906 0.680469 0.114062 0.070312
1 0.353906 0.717969 0.114062 0.070312
1 0.350781 0.761719 0.114062 0.070312
1 0.352344 0.799219 0.114062 0.070312
1 0.352344 0.835156 0.114062 0.070312
1 0.353906 0.880469 0.114062 0.070312
1 0.644531 0.719531 0.101562 0.048438
1 0.646094 0.678906 0.101562 0.048438
1 0.642969 0.567969 0.101562 0.048438
1 0.644531 0.488281 0.101562 0.048438
1 0.651563 0.377344 0.093750 0.048438
1 0.645312 0.338281 0.093750 0.048438
1 0.656250 0.303906 0.093750 0.048438
1 0.653125 0.259375 0.090625 0.053125
1 0.650000 0.226562 0.090625 0.053125
1 0.648438 0.187500 0.090625 0.053125
1 0.646875 0.148438 0.090625 0.053125
1 0.645312 0.064062 0.090625 0.053125
1 0.650781 0.025000 0.092188 0.046875
