2 0.341406 0.631250 0.085938 0.062500
2 0.344531 0.668750 0.085938 0.062500
2 0.342969 0.712500 0.085938 0.062500
2 0.344531 0.746875 0.085938 0.062500
2 0.349219 0.782813 0.085938 0.062500
2 0.344531 0.818750 0.085938 0.062500
2 0.346094 0.862500 0.085938 0.062500
2 0.346094 0.892188 0.085938 0.062500
2 0.346094 0.932813 0.085938 0.062500
2 0.341406 0.968750 0.085938 0.062500
2 0.628906 0.639844 0.085938 0.064062
2 0.627344 0.685156 0.085938 0.064062
2 0.625781 0.719531 0.085938 0.064062
2 0.627344 0.758594 0.085938 0.064062
2 0.630469 0.797656 0.085938 0.064062
2 0.635156 0.839063 0.085938 0.062500
2 0.627344 0.884375 0.085938 0.062500
2 0.628906 0.923438 0.085938 0.062500
