1 0.101562 0.041406 0.109375 0.057813
1 0.089063 0.085156 0.109375 0.057813
1 0.116406 0.135156 0.073438 0.054688
1 0.392969 0.069531 0.110937 0.057813
1 0.396094 0.110156 0.110937 0.057813
0 0.543750 0.657031 0.078125 0.054688
0 0.846875 0.866406 0.078125 0.054688
0 0.782813 0.599219 0.078125 0.054688
0 0.564063 0.463281 0.078125 0.054688
0 0.553125 0.553906 0.078125 0.054688
0 0.548438 0.594531 0.078125 0.054688
0 0.565625 0.414844 0.078125 0.054688
0 0.568750 0.227344 0.078125 0.054688
0 0.592187 0.180469 0.078125 0.054688
0 0.596875 0.133594 0.078125 0.054688
0 0.917188 0.128906 0.078125 0.054688
0 0.908594 0.176563 0.085938 0.062500
1 0.844531 0.675781 0.104688 0.067187
