0 0.184375 0.289062 0.081250 0.053125
0 0.173437 0.331250 0.090625 0.046875
0 0.114844 0.928125 0.085938 0.056250
0 0.111719 0.975781 0.079687 0.048438
0 0.617969 0.706250 0.085938 0.056250
0 0.611719 0.754687 0.085938 0.056250
0 0.611719 0.803125 0.085938 0.056250
0 0.605469 0.848437 0.085938 0.056250
0 0.597656 0.901563 0.085938 0.056250
0 0.170313 0.379688 0.090625 0.046875
0 0.162500 0.426563 0.090625 0.046875
0 0.162500 0.471875 0.090625 0.046875
0 0.157812 0.520312 0.090625 0.046875
0 0.148438 0.564063 0.090625 0.046875
0 0.146875 0.606250 0.090625 0.046875
0 0.140625 0.654687 0.090625 0.046875
0 0.134375 0.698438 0.090625 0.046875
0 0.129688 0.750000 0.090625 0.046875
