1 0.472656 0.269531 0.082812 0.101562
1 0.504687 0.294531 0.090625 0.107813
1 0.436719 0.240625 0.085938 0.100000
0 0.104688 0.366406 0.062500 0.067187
3 0.021094 0.892969 0.039062 0.073438
0 0.684375 0.698438 0.062500 0.071875
0 0.636719 0.763281 0.060937 0.067187
0 0.615625 0.642969 0.062500 0.064062
0 0.647656 0.667969 0.064062 0.067187
1 0.126562 0.042188 0.100000 0.081250
1 0.545312 0.319531 0.090625 0.107813
1 0.815625 0.516406 0.090625 0.107813
0 0.257812 0.474219 0.062500 0.067187
0 0.282813 0.496094 0.062500 0.067187
0 0.321875 0.525781 0.062500 0.067187
0 0.359375 0.546094 0.062500 0.067187
0 0.382812 0.567969 0.062500 0.067187
0 0.415625 0.602344 0.062500 0.067187
0 0.459375 0.624219 0.062500 0.067187
0 0.495312 0.652344 0.062500 0.067187
0 0.528125 0.682031 0.062500 0.067187
0 0.567187 0.707031 0.062500 0.067187
0 0.601562 0.736719 0.062500 0.067187
0 0.725000 0.731250 0.062500 0.071875
0 0.675000 0.792188 0.062500 0.071875
