3 0.011719 0.089844 0.020313 0.057813
3 0.275000 0.577344 0.028125 0.051562
3 0.478906 0.608594 0.051562 0.035937
3 0.064844 0.088281 0.029687 0.060937
1 0.538281 0.285938 0.048438 0.075000
3 0.100781 0.153906 0.029687 0.060937
3 0.547656 0.727344 0.048438 0.035937
3 0.036719 0.083594 0.029687 0.060937
3 0.760938 0.856250 0.040625 0.053125
3 0.201563 0.569531 0.031250 0.064062
3 0.317969 0.319531 0.054688 0.035937
3 0.121094 0.302344 0.032813 0.067187
3 0.026562 0.308594 0.031250 0.067187
3 0.097656 0.084375 0.032813 0.065625
3 0.132812 0.148438 0.028125 0.059375
3 0.011719 0.153906 0.020313 0.060937
3 0.057813 0.310156 0.031250 0.070312
3 0.807031 0.931250 0.039062 0.053125
3 0.538281 0.421094 0.039062 0.054688
3 0.038281 0.157031 0.029687 0.067187
3 0.166406 0.571094 0.032813 0.064062
3 0.238281 0.282813 0.042188 0.065625
3 0.165625 0.146875 0.031250 0.065625
3 0.089063 0.303906 0.031250 0.067187
3 0.201563 0.135156 0.034375 0.067187
3 0.157031 0.300000 0.032813 0.065625
3 0.129688 0.082031 0.031250 0.060937
3 0.498437 0.639062 0.053125 0.043750
3 0.517969 0.669531 0.057813 0.042188
3 0.367969 0.972656 0.060937 0.035937
