1 0.857031 0.926562 0.070312 0.093750
1 0.907031 0.916406 0.067187 0.095312
1 0.950781 0.907813 0.064062 0.093750
0 0.965625 0.564063 0.034375 0.056250
0 0.426563 0.651563 0.037500 0.059375
0 0.953906 0.751563 0.051562 0.068750
0 0.923438 0.570312 0.034375 0.056250
1 0.983594 0.909375 0.032813 0.096875
1 0.759375 0.804688 0.062500 0.096875
1 0.627344 0.933594 0.070312 0.101562
1 0.665625 0.948438 0.062500 0.096875
0 0.621875 0.618750 0.040625 0.062500
1 0.710938 0.812500 0.059375 0.096875
1 0.616406 0.820312 0.064062 0.100000
0 0.503125 0.634375 0.040625 0.065625
1 0.665625 0.814063 0.056250 0.106250
0 0.582812 0.625000 0.040625 0.062500
0 0.544531 0.630469 0.042188 0.064062
0 0.461719 0.642969 0.042188 0.067187
0 0.388281 0.654687 0.042188 0.065625
1 0.804688 0.930469 0.059375 0.095312
1 0.757031 0.937500 0.054688 0.096875
0 0.656250 0.614062 0.040625 0.062500
0 0.693750 0.606250 0.040625 0.062500
0 0.732812 0.601562 0.040625 0.062500
0 0.768750 0.595313 0.040625 0.062500
0 0.810156 0.587500 0.039062 0.068750
0 0.850781 0.581250 0.039062 0.068750
0 0.892969 0.570312 0.039062 0.068750
0 0.907031 0.762500 0.051562 0.068750
0 0.869531 0.764062 0.051562 0.068750
0 0.817969 0.771875 0.051562 0.068750
1 0.183594 0.725781 0.101562 0.045312
