1 0.170313 0.989844 0.090625 0.020313
1 0.372656 0.958594 0.089063 0.035937
1 0.167969 0.960938 0.095312 0.034375
1 0.165625 0.716406 0.090625 0.035937
1 0.364844 0.716406 0.095312 0.035937
1 0.370312 0.862500 0.090625 0.037500
1 0.364844 0.619531 0.092188 0.039062
1 0.165625 0.433594 0.096875 0.035937
1 0.371875 0.908594 0.090625 0.035937
1 0.367188 0.665625 0.090625 0.040625
1 0.364063 0.572656 0.093750 0.035937
1 0.164062 0.812500 0.090625 0.037500
1 0.164062 0.385156 0.096875 0.039062
1 0.165625 0.479687 0.100000 0.037500
1 0.164062 0.576562 0.087500 0.037500
1 0.365625 0.525000 0.087500 0.031250
1 0.166406 0.866406 0.092188 0.039062
1 0.163281 0.528906 0.092188 0.039062
1 0.163281 0.335156 0.095312 0.039062
1 0.163281 0.667969 0.095312 0.039062
1 0.375000 0.989844 0.090625 0.020313
4 0.053125 0.097656 0.050000 0.089063
