3 0.735937 0.982813 0.053125 0.034375
3 0.750000 0.953906 0.046875 0.039062
3 0.991406 0.920313 0.017188 0.056250
3 0.540625 0.794531 0.062500 0.054688
1 0.645312 0.696094 0.109375 0.082812
3 0.967188 0.906250 0.034375 0.053125
3 0.936719 0.889844 0.045312 0.064062
3 0.566406 0.744531 0.064062 0.057813
1 0.738281 0.489062 0.085938 0.071875
3 0.594531 0.715625 0.067187 0.059375
1 0.738281 0.590625 0.092188 0.075000
1 0.796094 0.462500 0.076563 0.065625
1 0.693750 0.672656 0.096875 0.076563
1 0.757812 0.552344 0.093750 0.073438
1 0.713281 0.628906 0.092188 0.073438
