3 0.993750 0.928125 0.012500 0.046875
1 0.673438 0.155469 0.078125 0.032813
3 0.991406 0.617969 0.017188 0.057813
1 0.683594 0.110937 0.095312 0.037500
1 0.678125 0.202344 0.096875 0.039062
3 0.710156 0.610156 0.026562 0.054688
1 0.864062 0.464844 0.093750 0.039062
3 0.560156 0.746875 0.054688 0.028125
1 0.863281 0.402344 0.095312 0.039062
1 0.866406 0.358594 0.095312 0.039062
3 0.746094 0.927344 0.064062 0.029687
3 0.566406 0.696875 0.057813 0.028125
3 0.970313 0.618750 0.028125 0.056250
3 0.940625 0.614062 0.028125 0.056250
3 0.564844 0.930469 0.064062 0.032813
3 0.963281 0.952344 0.026562 0.051562
3 0.672656 0.611719 0.026562 0.048438
