3 0.993750 0.790625 0.012500 0.031250
3 0.846875 0.989844 0.034375 0.020313
0 0.128125 0.561719 0.053125 0.060937
1 0.157812 0.017969 0.037500 0.032813
4 0.148438 0.825000 0.037500 0.071875
3 0.843750 0.537500 0.025000 0.059375
3 0.625000 0.689063 0.050000 0.028125
3 0.597656 0.937500 0.054688 0.031250
3 0.905469 0.341406 0.026562 0.064062
3 0.674219 0.416406 0.051562 0.032813
3 0.903125 0.794531 0.028125 0.057813
3 0.625781 0.654687 0.054688 0.031250
3 0.363281 0.535937 0.026562 0.053125
3 0.627344 0.725781 0.057813 0.032813
3 0.875781 0.668750 0.048438 0.143750
3 0.925781 0.082812 0.026562 0.053125
3 0.210156 0.527344 0.026562 0.051562
3 0.813281 0.904687 0.032813 0.068750
3 0.614062 0.791406 0.056250 0.029687
3 0.684375 0.257812 0.062500 0.034375
3 0.883594 0.116406 0.026562 0.054688
