0 0.106250 0.381250 0.059375 0.065625
0 0.360938 0.272656 0.056250 0.067187
0 0.228906 0.175781 0.054688 0.064062
0 0.328125 0.250000 0.059375 0.065625
0 0.399219 0.303125 0.057813 0.068750
3 0.977344 0.727344 0.045312 0.039062
0 0.178906 0.446875 0.054688 0.062500
3 0.616406 0.897656 0.054688 0.051562
3 0.221094 0.982031 0.057813 0.035937
3 0.780469 0.963281 0.064062 0.042188
3 0.642188 0.823438 0.053125 0.050000
3 0.396875 0.751563 0.056250 0.050000
3 0.624219 0.857812 0.057813 0.056250
3 0.740625 0.564063 0.056250 0.062500
3 0.602344 0.932031 0.054688 0.054688
3 0.416406 0.720313 0.057813 0.053125
3 0.375000 0.782813 0.062500 0.056250
3 0.328906 0.848437 0.067187 0.059375
3 0.956250 0.695312 0.065625 0.040625
3 0.265625 0.515625 0.053125 0.062500
3 0.261719 0.928125 0.054688 0.053125
3 0.780469 0.584375 0.054688 0.062500
3 0.347656 0.808594 0.057813 0.051562
3 0.387500 0.607812 0.056250 0.059375
3 0.355469 0.582812 0.057813 0.068750
3 0.657813 0.481250 0.050000 0.062500
3 0.421875 0.632031 0.056250 0.060937
3 0.295312 0.540625 0.050000 0.059375
3 0.717187 0.751563 0.059375 0.053125
0 0.096094 0.071094 0.054688 0.064062
0 0.161719 0.121094 0.054688 0.064062
0 0.194531 0.147656 0.054688 0.064062
0 0.261719 0.199219 0.054688 0.064062
0 0.139063 0.417187 0.059375 0.065625
0 0.023438 0.316406 0.043750 0.060937
0 0.042188 0.337500 0.050000 0.068750
