1 0.201563 0.894531 0.031250 0.070312
0 0.373437 0.903906 0.028125 0.067187
1 0.192188 0.015625 0.046875 0.028125
1 0.011719 0.157031 0.020313 0.101562
3 0.242969 0.897656 0.023438 0.057813
1 0.126562 0.158594 0.040625 0.101562
1 0.142187 0.693750 0.034375 0.081250
1 0.225000 0.697656 0.034375 0.076563
1 0.021094 0.344531 0.035937 0.095312
1 0.085156 0.158594 0.039062 0.098437
1 0.271875 0.695312 0.031250 0.075000
1 0.058594 0.596875 0.032813 0.084375
1 0.482812 0.700781 0.031250 0.076563
1 0.107813 0.598437 0.031250 0.081250
1 0.353125 0.346875 0.040625 0.109375
1 0.049219 0.691406 0.032813 0.076563
1 0.014063 0.690625 0.025000 0.078125
1 0.207031 0.346875 0.039062 0.106250
1 0.114062 0.344531 0.040625 0.098437
1 0.065625 0.344531 0.037500 0.098437
1 0.257031 0.346094 0.039062 0.107813
1 0.184375 0.692969 0.031250 0.079687
1 0.305469 0.347656 0.039062 0.104688
1 0.439063 0.697656 0.031250 0.089063
1 0.157812 0.346875 0.040625 0.103125
3 0.466406 0.907813 0.026562 0.062500
3 0.431250 0.907813 0.028125 0.062500
