1 0.717969 0.460156 0.060937 0.104688
0 0.807031 0.985156 0.048438 0.029687
1 0.610156 0.507031 0.067187 0.101562
0 0.843750 0.980469 0.046875 0.039062
0 0.632812 0.678125 0.053125 0.065625
0 0.935937 0.944531 0.059375 0.070312
0 0.367969 0.239844 0.045312 0.060937
0 0.902344 0.885938 0.048438 0.062500
1 0.753906 0.442188 0.067187 0.106250
0 0.787500 0.930469 0.050000 0.060937
1 0.981250 0.182031 0.037500 0.054688
1 0.707812 0.050000 0.065625 0.096875
0 0.823438 0.916406 0.046875 0.064062
0 0.874219 0.972656 0.048438 0.054688
1 0.885938 0.385156 0.071875 0.123438
1 0.971875 0.342187 0.056250 0.131250
0 0.865625 0.897656 0.050000 0.064062
1 0.453125 0.131250 0.071875 0.128125
0 0.939063 0.870313 0.046875 0.062500
1 0.745313 0.036719 0.065625 0.070312
0 0.974219 0.933594 0.048438 0.067187
0 0.973437 0.858594 0.046875 0.064062
1 0.924219 0.364844 0.070312 0.117188
1 0.492188 0.126562 0.078125 0.137500
1 0.796094 0.046094 0.064062 0.089063
1 0.478906 0.792188 0.079687 0.125000
1 0.414844 0.146875 0.079687 0.121875
0 0.303125 0.192969 0.046875 0.067187
1 0.664844 0.064844 0.085938 0.123438
1 0.614844 0.084375 0.079687 0.131250
1 0.810156 0.429688 0.073438 0.112500
1 0.563281 0.096875 0.082812 0.137500
1 0.583594 0.525781 0.067187 0.101562
1 0.488281 0.514844 0.067187 0.101562
1 0.755469 0.307031 0.073438 0.114062
1 0.894531 0.255469 0.123438 0.082812
1 0.675781 0.472656 0.060937 0.104688
0 0.641406 0.336719 0.045312 0.060937
0 0.674219 0.324219 0.045312 0.060937
0 0.702344 0.314844 0.045312 0.060937
0 0.667188 0.667188 0.053125 0.065625
0 0.693750 0.648438 0.053125 0.065625
0 0.726562 0.640625 0.053125 0.065625
0 0.767188 0.625000 0.053125 0.065625
0 0.803125 0.607812 0.053125 0.065625
0 0.829688 0.592187 0.053125 0.065625
0 0.865625 0.581250 0.053125 0.065625
0 0.903125 0.570312 0.053125 0.065625
0 0.934375 0.557813 0.053125 0.065625
0 0.967187 0.543750 0.053125 0.065625
