1 0.983594 0.589844 0.032813 0.048438
1 0.736719 0.550781 0.107813 0.048438
3 0.475781 0.515625 0.042188 0.059375
1 0.707031 0.443750 0.104688 0.056250
3 0.395313 0.328906 0.037500 0.060937
1 0.714063 0.479687 0.106250 0.053125
3 0.575000 0.754687 0.040625 0.062500
1 0.726562 0.514062 0.106250 0.053125
3 0.650000 0.939063 0.040625 0.062500
3 0.425781 0.398438 0.042188 0.059375
3 0.615625 0.847656 0.037500 0.057813
1 0.699219 0.407031 0.107813 0.054688
3 0.503906 0.584375 0.042188 0.059375
3 0.539844 0.664062 0.042188 0.059375
1 0.971875 0.513281 0.056250 0.051562
1 0.689844 0.369531 0.107813 0.054688
