3 0.225781 0.837500 0.060937 0.040625
3 0.058594 0.846094 0.054688 0.042188
3 0.303125 0.843750 0.062500 0.043750
3 0.364063 0.800781 0.046875 0.051562
1 0.585156 0.401562 0.070312 0.128125
1 0.619531 0.390625 0.070312 0.128125
1 0.547656 0.557031 0.123438 0.076563
1 0.568750 0.599219 0.112500 0.073438
1 0.585938 0.631250 0.121875 0.068750
1 0.594531 0.670312 0.101562 0.062500
1 0.622656 0.745313 0.107813 0.062500
1 0.636719 0.784375 0.107813 0.062500
1 0.649219 0.818750 0.107813 0.062500
1 0.672656 0.893750 0.107813 0.062500
1 0.689844 0.928125 0.107813 0.062500
1 0.812500 0.834375 0.071875 0.093750
0 0.783594 0.744531 0.045312 0.067187
0 0.898438 0.857031 0.062500 0.045312
0 0.912500 0.894531 0.062500 0.045312
0 0.921875 0.921094 0.062500 0.045312
0 0.942187 0.958594 0.062500 0.045312
1 0.861719 0.939063 0.076563 0.121875
3 0.039844 0.811719 0.054688 0.042188
