1 0.007812 0.902344 0.012500 0.085938
0 0.703125 0.915625 0.031250 0.062500
4 0.932813 0.681250 0.068750 0.165625
1 0.899219 0.892969 0.032813 0.101562
1 0.325781 0.653125 0.029687 0.075000
0 0.662500 0.915625 0.031250 0.059375
0 0.507031 0.915625 0.029687 0.059375
1 0.646875 0.354687 0.040625 0.118750
1 0.549219 0.653906 0.032813 0.098437
1 0.603125 0.361719 0.040625 0.107813
1 0.789062 0.659375 0.031250 0.093750
1 0.639844 0.657813 0.032813 0.093750
1 0.852344 0.379688 0.032813 0.078125
1 0.596094 0.659375 0.032813 0.090625
0 0.579688 0.915625 0.031250 0.059375
1 0.367969 0.650781 0.032813 0.079687
1 0.742969 0.657031 0.032813 0.095312
1 0.458594 0.914062 0.026562 0.062500
0 0.539062 0.916406 0.028125 0.057813
1 0.689844 0.657813 0.032813 0.096875
0 0.621094 0.915625 0.032813 0.059375
1 0.838281 0.657031 0.032813 0.098437
1 0.375781 0.914844 0.035937 0.067187
1 0.552344 0.365625 0.039062 0.100000
1 0.452344 0.657813 0.032813 0.093750
1 0.754687 0.359375 0.040625 0.128125
1 0.705469 0.356250 0.045312 0.125000
1 0.976562 0.121094 0.046875 0.214062
