1 0.620313 0.847656 0.065625 0.029687
1 0.619531 0.929688 0.076563 0.034375
1 0.615625 0.888281 0.081250 0.035937
1 0.620313 0.929688 0.075000 0.034375
0 0.959375 0.903125 0.059375 0.031250
0 0.620313 0.775781 0.059375 0.032813
0 0.468750 0.396875 0.053125 0.031250
0 0.621875 0.813281 0.056250 0.029687
0 0.960156 0.938281 0.057813 0.029687
0 0.616406 0.713281 0.057813 0.035937
1 0.873437 0.657813 0.040625 0.081250
1 0.880469 0.173437 0.039062 0.109375
1 0.944531 0.174219 0.042188 0.107813
3 0.844531 0.330469 0.045312 0.045312
