1 0.567187 0.643750 0.043750 0.100000
1 0.381250 0.635938 0.043750 0.103125
1 0.516406 0.641406 0.035937 0.092188
1 0.326562 0.643750 0.043750 0.125000
1 0.264844 0.643750 0.032813 0.106250
1 0.725000 0.532813 0.043750 0.100000
1 0.464844 0.640625 0.039062 0.103125
3 0.223438 0.474219 0.031250 0.060937
3 0.396875 0.414062 0.031250 0.068750
0 0.620313 0.543750 0.034375 0.059375
0 0.664844 0.542969 0.032813 0.057813
1 0.887500 0.971875 0.090625 0.034375
3 0.426563 0.417187 0.031250 0.062500
1 0.886719 0.925781 0.092188 0.039062
1 0.888281 0.872656 0.092188 0.039062
3 0.186719 0.479687 0.032813 0.059375
3 0.361719 0.408594 0.029687 0.057813
3 0.510156 0.411719 0.032813 0.070312
3 0.468750 0.417187 0.031250 0.062500
3 0.581250 0.474219 0.034375 0.070312
3 0.258594 0.403906 0.029687 0.057813
3 0.295312 0.411719 0.031250 0.070312
4 0.778125 0.637500 0.034375 0.093750
1 0.617188 0.646875 0.043750 0.100000
1 0.664062 0.640625 0.043750 0.100000
