3 0.010937 0.985938 0.018750 0.028125
3 0.048438 0.992188 0.028125 0.015625
3 0.080469 0.991406 0.026562 0.017188
3 0.196094 0.979688 0.026562 0.037500
1 0.428906 0.728906 0.070312 0.095312
0 0.829688 0.069531 0.056250 0.048438
3 0.156250 0.980469 0.028125 0.035937
3 0.121094 0.981250 0.026562 0.037500
0 0.448437 0.503125 0.050000 0.059375
1 0.525781 0.544531 0.070312 0.089063
1 0.484375 0.518750 0.059375 0.075000
1 0.722656 0.653125 0.076563 0.103125
1 0.677344 0.814844 0.076563 0.067187
1 0.906250 0.106250 0.103125 0.075000
1 0.639062 0.610156 0.071875 0.095312
1 0.894531 0.812500 0.051562 0.081250
1 0.969531 0.843750 0.051562 0.081250
