0 0.383594 0.140625 0.039062 0.065625
0 0.478125 0.521875 0.043750 0.062500
0 0.441406 0.503906 0.045312 0.060937
0 0.327344 0.348438 0.045312 0.059375
0 0.355469 0.715625 0.054688 0.062500
1 0.360938 0.474219 0.065625 0.098437
3 0.705469 0.538281 0.045312 0.067187
1 0.342187 0.132031 0.043750 0.079687
3 0.614062 0.489063 0.046875 0.062500
3 0.546875 0.460156 0.043750 0.060937
0 0.664062 0.614062 0.043750 0.062500
3 0.724219 0.256250 0.064062 0.090625
3 0.945312 0.446094 0.046875 0.060937
3 0.673438 0.522656 0.046875 0.064062
3 0.580469 0.473438 0.045312 0.062500
0 0.632812 0.598437 0.046875 0.062500
1 0.570312 0.892188 0.087500 0.096875
3 0.600781 0.210156 0.039062 0.054688
3 0.456250 0.410938 0.043750 0.062500
3 0.435156 0.153125 0.035937 0.059375
3 0.633594 0.221875 0.039062 0.053125
3 0.516406 0.446875 0.045312 0.062500
1 0.314844 0.461719 0.057813 0.085938
1 0.490625 0.829688 0.087500 0.096875
1 0.893750 0.532031 0.078125 0.067187
1 0.959375 0.344531 0.081250 0.076563
1 0.678906 0.237500 0.067187 0.106250
0 0.257031 0.318750 0.039062 0.056250
0 0.361719 0.360938 0.045312 0.059375
0 0.391406 0.378125 0.045312 0.059375
0 0.427344 0.396875 0.045312 0.059375
0 0.413281 0.490625 0.045312 0.059375
0 0.330469 0.693750 0.045312 0.059375
