2 0.747656 0.434375 0.042188 0.078125
1 0.484375 0.235937 0.037500 0.100000
2 0.690625 0.432812 0.040625 0.087500
2 0.638281 0.428125 0.039062 0.087500
3 0.771875 0.860938 0.028125 0.065625
1 0.578906 0.450781 0.042188 0.107813
1 0.544531 0.233594 0.042188 0.104688
1 0.973437 0.049219 0.050000 0.029687
3 0.989844 0.793750 0.020313 0.056250
3 0.949219 0.864844 0.026562 0.057813
0 0.804688 0.428906 0.037500 0.064062
1 0.643750 0.248438 0.031250 0.078125
1 0.478125 0.454688 0.031250 0.109375
3 0.980469 0.864062 0.023438 0.053125
3 0.500000 0.789062 0.025000 0.050000
3 0.917188 0.861719 0.025000 0.051562
3 0.736719 0.865625 0.026562 0.053125
3 0.884375 0.867188 0.025000 0.056250
3 0.621094 0.861719 0.029687 0.076563
3 0.849219 0.861719 0.029687 0.067187
3 0.617188 0.792188 0.025000 0.053125
3 0.579688 0.795312 0.028125 0.068750
3 0.432031 0.864062 0.026562 0.062500
3 0.549219 0.865625 0.029687 0.059375
3 0.659375 0.862500 0.025000 0.053125
3 0.517188 0.860156 0.025000 0.048438
3 0.482031 0.871094 0.026562 0.051562
3 0.808594 0.858594 0.029687 0.067187
1 0.965625 0.425781 0.040625 0.079687
1 0.306250 0.235937 0.037500 0.100000
1 0.350781 0.220312 0.042188 0.140625
