0 0.775000 0.973437 0.056250 0.053125
0 0.269531 0.023438 0.048438 0.043750
0 0.234375 0.028906 0.053125 0.054688
0 0.117969 0.066406 0.051562 0.067187
0 0.194531 0.039844 0.051562 0.067187
0 0.156250 0.050781 0.053125 0.064062
0 0.469531 0.673438 0.045312 0.071875
0 0.431250 0.689844 0.043750 0.067187
0 0.393750 0.700781 0.043750 0.067187
0 0.610938 0.446875 0.062500 0.043750
3 0.815625 0.180469 0.043750 0.064062
0 0.575781 0.360938 0.060937 0.043750
0 0.594531 0.406250 0.064062 0.043750
0 0.546094 0.100000 0.070312 0.050000
0 0.538281 0.059375 0.070312 0.050000
0 0.528906 0.025000 0.070312 0.046875
0 0.293750 0.744531 0.043750 0.067187
0 0.254688 0.753906 0.043750 0.067187
0 0.189062 0.785156 0.043750 0.067187
0 0.150000 0.799219 0.043750 0.067187
0 0.114062 0.808594 0.043750 0.067187
