1 0.100000 0.965625 0.037500 0.068750
0 0.325000 0.656250 0.028125 0.056250
1 0.429688 0.975781 0.037500 0.048438
1 0.041406 0.659375 0.035937 0.078125
0 0.083594 0.680469 0.029687 0.054688
0 0.364063 0.656250 0.028125 0.056250
0 0.398438 0.654687 0.028125 0.056250
1 0.402344 0.821875 0.073438 0.043750
1 0.013281 0.966406 0.023438 0.067187
1 0.054688 0.965625 0.037500 0.068750
1 0.153125 0.965625 0.037500 0.068750
1 0.114844 0.784375 0.045312 0.112500
1 0.209375 0.796875 0.037500 0.081250
1 0.253125 0.798438 0.037500 0.081250
1 0.025000 0.466406 0.037500 0.070312
1 0.225000 0.475000 0.046875 0.109375
4 0.266406 0.186719 0.129688 0.057813
4 0.263281 0.127344 0.129688 0.057813
4 0.260156 0.017969 0.123438 0.032813
4 0.460938 0.218750 0.081250 0.059375
1 0.478906 0.122656 0.067187 0.039062
1 0.480469 0.164844 0.067187 0.039062
