1 0.775781 0.607031 0.029687 0.067187
0 0.576562 0.604688 0.028125 0.062500
0 0.653906 0.605469 0.029687 0.064062
1 0.700781 0.609375 0.035937 0.071875
1 0.427344 0.057813 0.029687 0.071875
0 0.502344 0.607031 0.029687 0.060937
0 0.537500 0.606250 0.028125 0.065625
0 0.425781 0.605469 0.029687 0.064062
1 0.527344 0.057031 0.029687 0.070312
1 0.475000 0.058594 0.031250 0.070312
0 0.820312 0.628125 0.028125 0.056250
0 0.464844 0.607031 0.029687 0.060937
0 0.613281 0.603906 0.029687 0.064062
1 0.450781 0.414062 0.035937 0.071875
1 0.564844 0.412500 0.035937 0.071875
1 0.602344 0.412500 0.035937 0.071875
1 0.641406 0.409375 0.035937 0.071875
1 0.683594 0.409375 0.035937 0.071875
1 0.758594 0.414062 0.035937 0.071875
1 0.961719 0.419531 0.048438 0.114062
1 0.537500 0.770312 0.112500 0.043750
1 0.406250 0.921875 0.043750 0.084375
1 0.453906 0.932031 0.045312 0.107813
1 0.591406 0.935156 0.042188 0.076563
1 0.648438 0.932031 0.043750 0.110937
1 0.693750 0.935156 0.043750 0.110937
1 0.739062 0.925781 0.043750 0.110937
1 0.790625 0.928906 0.043750 0.110937
1 0.835938 0.928906 0.043750 0.110937
1 0.889062 0.928906 0.043750 0.110937
1 0.853125 0.729688 0.043750 0.112500
1 0.947656 0.741406 0.042188 0.082812
1 0.986719 0.750000 0.026562 0.078125
1 0.500781 0.200000 0.076563 0.043750
