0 0.842187 0.563281 0.056250 0.067187
0 0.982031 0.674219 0.032813 0.070312
1 0.282813 0.915625 0.081250 0.103125
1 0.930469 0.655469 0.079687 0.101562
1 0.255469 0.876563 0.101562 0.131250
1 0.309375 0.944531 0.081250 0.098437
1 0.878906 0.632031 0.104688 0.120313
3 0.229687 0.300000 0.062500 0.056250
3 0.026562 0.212500 0.043750 0.053125
3 0.250781 0.266406 0.057813 0.054688
3 0.435156 0.287500 0.057813 0.068750
3 0.271875 0.233594 0.062500 0.060937
3 0.106250 0.163281 0.053125 0.064062
3 0.405469 0.263281 0.057813 0.067187
3 0.557031 0.288281 0.064062 0.060937
3 0.472656 0.304688 0.057813 0.068750
1 0.685156 0.529687 0.170313 0.125000
1 0.635938 0.570312 0.178125 0.128125
1 0.624219 0.611719 0.179688 0.129688
1 0.596094 0.643750 0.160938 0.134375
1 0.573438 0.686719 0.162500 0.142187
4 0.532031 0.759375 0.192188 0.146875
