0 0.502344 0.946875 0.064062 0.043750
0 0.352344 0.591406 0.064062 0.048438
0 0.471094 0.875000 0.060937 0.043750
0 0.485938 0.910937 0.062500 0.043750
0 0.258594 0.637500 0.048438 0.068750
3 0.364844 0.300000 0.045312 0.065625
3 0.580469 0.589063 0.054688 0.037500
3 0.718750 0.939063 0.068750 0.046875
3 0.699219 0.880469 0.067187 0.045312
0 0.513281 0.978125 0.064062 0.043750
0 0.451562 0.839844 0.056250 0.051562
0 0.389062 0.705469 0.056250 0.051562
0 0.387500 0.661719 0.056250 0.051562
0 0.365625 0.630469 0.056250 0.051562
0 0.339844 0.555469 0.064062 0.048438
0 0.311719 0.486719 0.064062 0.048438
0 0.299219 0.453906 0.064062 0.048438
0 0.031250 0.168750 0.059375 0.068750
