1 0.021875 0.287500 0.040625 0.093750
1 0.085156 0.046875 0.079687 0.078125
1 0.168750 0.478906 0.084375 0.107813
1 0.134375 0.449219 0.090625 0.101562
1 0.417187 0.316406 0.106250 0.148438
1 0.467969 0.346094 0.114062 0.129688
1 0.376563 0.284375 0.106250 0.125000
3 0.796094 0.978125 0.042188 0.043750
1 0.045312 0.025781 0.068750 0.048438
1 0.173437 0.132031 0.121875 0.145313
1 0.025781 0.534375 0.048438 0.081250
1 0.042969 0.596094 0.079687 0.107813
1 0.122656 0.655469 0.089063 0.107813
1 0.293750 0.771094 0.096875 0.110937
1 0.341406 0.249219 0.101562 0.110937
