1 0.986719 0.365625 0.026562 0.103125
0 0.685156 0.846094 0.035937 0.057813
1 0.772656 0.739844 0.039062 0.101562
1 0.634375 0.728906 0.034375 0.085938
1 0.652344 0.508594 0.039062 0.098437
1 0.989062 0.523438 0.021875 0.090625
1 0.950781 0.518750 0.042188 0.096875
1 0.726562 0.742188 0.040625 0.109375
1 0.816406 0.742188 0.045312 0.106250
1 0.960938 0.367969 0.040625 0.104688
1 0.689063 0.509375 0.037500 0.096875
1 0.736719 0.508594 0.035937 0.098437
1 0.682031 0.742969 0.039062 0.107813
1 0.915625 0.367188 0.040625 0.109375
1 0.866406 0.514844 0.042188 0.101562
1 0.781250 0.512500 0.040625 0.096875
1 0.824219 0.364844 0.045312 0.114062
1 0.864844 0.750000 0.045312 0.106250
1 0.823438 0.512500 0.040625 0.100000
1 0.611719 0.505469 0.042188 0.098437
1 0.909375 0.515625 0.043750 0.103125
1 0.129688 0.667188 0.046875 0.109375
1 0.906250 0.753125 0.043750 0.109375
