3 0.364844 0.896875 0.029687 0.071875
1 0.714063 0.557031 0.046875 0.104688
1 0.754687 0.558594 0.046875 0.104688
1 0.803125 0.558594 0.046875 0.104688
1 0.846875 0.558594 0.046875 0.104688
1 0.887500 0.558594 0.046875 0.104688
1 0.931250 0.560156 0.046875 0.104688
1 0.646875 0.402344 0.046875 0.104688
1 0.689063 0.400781 0.046875 0.104688
1 0.731250 0.403906 0.046875 0.104688
1 0.770312 0.402344 0.046875 0.104688
1 0.815625 0.402344 0.046875 0.104688
1 0.907031 0.403906 0.048438 0.098437
1 0.950781 0.399219 0.048438 0.098437
1 0.986719 0.404687 0.026562 0.096875
0 0.369531 0.475781 0.042188 0.076563
