1 0.698438 0.453906 0.109375 0.170313
1 0.601562 0.397656 0.118750 0.179688
1 0.056250 0.365625 0.096875 0.131250
0 0.453125 0.700781 0.056250 0.060937
1 0.566406 0.375000 0.095312 0.146875
0 0.229687 0.532031 0.056250 0.064062
0 0.526563 0.756250 0.062500 0.059375
1 0.636719 0.429688 0.110937 0.190625
1 0.095312 0.399219 0.093750 0.135937
0 0.055469 0.568750 0.057813 0.068750
1 0.969531 0.555469 0.060937 0.104688
0 0.416406 0.677344 0.057813 0.064062
1 0.204687 0.031250 0.087500 0.059375
1 0.500000 0.274219 0.106250 0.129688
0 0.582812 0.782031 0.053125 0.064062
0 0.151562 0.482031 0.053125 0.064062
1 0.267188 0.039844 0.093750 0.076563
1 0.942187 0.532813 0.084375 0.096875
1 0.414844 0.171094 0.110937 0.123438
1 0.903125 0.506250 0.081250 0.103125
1 0.771875 0.479687 0.103125 0.125000
1 0.466406 0.218750 0.098437 0.128125
1 0.335938 0.096094 0.075000 0.092188
1 0.302344 0.064844 0.082812 0.092188
1 0.822656 0.539062 0.129688 0.156250
1 0.541406 0.337500 0.082812 0.118750
