1 0.147656 0.093750 0.064062 0.040625
1 0.161719 0.039062 0.070312 0.043750
3 0.798438 0.011719 0.037500 0.020313
1 0.110937 0.239844 0.078125 0.042188
0 0.764844 0.760156 0.054688 0.032813
1 0.249219 0.339062 0.054688 0.103125
1 0.275000 0.203906 0.046875 0.101562
3 0.891406 0.982031 0.035937 0.035937
3 0.793750 0.339844 0.053125 0.035937
1 0.336719 0.219531 0.048438 0.104688
1 0.311719 0.350000 0.054688 0.103125
1 0.125000 0.192969 0.068750 0.042188
0 0.104688 0.319531 0.059375 0.039062
0 0.113281 0.285938 0.057813 0.034375
1 0.078906 0.403125 0.107813 0.046875
1 0.085938 0.373437 0.115625 0.043750
1 0.321094 0.642969 0.042188 0.070312
1 0.754687 0.802344 0.065625 0.045312
