1 0.728906 0.314063 0.070312 0.037500
1 0.654687 0.317188 0.071875 0.037500
1 0.732031 0.347656 0.070312 0.042188
1 0.715625 0.258594 0.100000 0.042188
4 0.608594 0.636719 0.054688 0.039062
4 0.610156 0.596094 0.054688 0.039062
1 0.580469 0.335938 0.070312 0.050000
1 0.586719 0.370312 0.070312 0.050000
1 0.586719 0.407813 0.070312 0.050000
1 0.592969 0.443750 0.070312 0.050000
1 0.596094 0.484375 0.070312 0.050000
1 0.600781 0.520312 0.070312 0.050000
1 0.605469 0.559375 0.070312 0.050000
1 0.680469 0.556250 0.070312 0.050000
1 0.752344 0.545312 0.070312 0.050000
1 0.749219 0.503125 0.070312 0.050000
1 0.738281 0.462500 0.070312 0.050000
1 0.736719 0.425000 0.070312 0.050000
1 0.735156 0.389062 0.070312 0.050000
1 0.657031 0.356250 0.070312 0.050000
1 0.661719 0.398438 0.070312 0.050000
1 0.664844 0.434375 0.070312 0.050000
1 0.669531 0.471875 0.070312 0.050000
1 0.671094 0.512500 0.070312 0.050000
