0 0.521094 0.667188 0.057813 0.062500
0 0.675781 0.789062 0.064062 0.068750
0 0.800781 0.575781 0.051562 0.064062
0 0.732812 0.525000 0.056250 0.062500
0 0.646875 0.755469 0.062500 0.064062
2 0.395313 0.554688 0.059375 0.062500
2 0.420312 0.581250 0.062500 0.062500
0 0.489063 0.638281 0.059375 0.067187
0 0.768750 0.550781 0.053125 0.067187
0 0.455469 0.609375 0.057813 0.065625
0 0.718750 0.821094 0.056250 0.064062
0 0.901563 0.645312 0.056250 0.065625
0 0.867188 0.622656 0.059375 0.067187
0 0.937500 0.675781 0.056250 0.070312
3 0.961719 0.986719 0.051562 0.026562
3 0.925781 0.975781 0.054688 0.048438
3 0.834375 0.912500 0.050000 0.062500
3 0.803906 0.889062 0.054688 0.065625
3 0.893750 0.956250 0.056250 0.068750
0 0.634375 0.446875 0.056250 0.062500
0 0.703125 0.495312 0.056250 0.062500
0 0.557031 0.689063 0.057813 0.062500
0 0.583594 0.707812 0.057813 0.062500
