3 0.396875 0.010937 0.065625 0.018750
3 0.007031 0.278906 0.010937 0.042188
3 0.967187 0.296875 0.059375 0.037500
3 0.017188 0.171875 0.031250 0.034375
3 0.012500 0.023438 0.021875 0.034375
1 0.897656 0.707031 0.160938 0.048438
3 0.392969 0.065625 0.057813 0.034375
3 0.707031 0.937500 0.032813 0.059375
3 0.592969 0.941406 0.032813 0.064062
3 0.971875 0.933594 0.031250 0.057813
3 0.932813 0.928906 0.031250 0.064062
3 0.896094 0.925000 0.032813 0.068750
1 0.216406 0.543750 0.123438 0.171875
3 0.520312 0.946094 0.034375 0.060937
3 0.820312 0.939063 0.031250 0.059375
3 0.017969 0.208594 0.032813 0.029687
3 0.746875 0.933594 0.034375 0.067187
