1 0.717969 0.627344 0.057813 0.073438
1 0.750781 0.644531 0.057813 0.070312
3 0.553125 0.657031 0.053125 0.042188
3 0.428906 0.075781 0.060937 0.039062
3 0.821875 0.805469 0.046875 0.039062
3 0.641406 0.710156 0.045312 0.035937
3 0.887500 0.840625 0.050000 0.040625
3 0.882812 0.706250 0.040625 0.053125
1 0.608594 0.567969 0.057813 0.073438
1 0.641406 0.585156 0.057813 0.073438
1 0.675781 0.607031 0.057813 0.073438
1 0.788281 0.664844 0.057813 0.073438
1 0.910156 0.728906 0.057813 0.073438
1 0.939844 0.744531 0.057813 0.073438
1 0.975781 0.762500 0.048438 0.071875
3 0.355469 0.675781 0.073438 0.048438
