0 0.980469 0.162500 0.039062 0.068750
0 0.878906 0.192188 0.051562 0.065625
0 0.982812 0.544531 0.034375 0.064062
0 0.910156 0.574219 0.051562 0.067187
1 0.446875 0.185938 0.062500 0.100000
0 0.716406 0.650781 0.048438 0.067187
0 0.881250 0.588281 0.056250 0.070312
1 0.484375 0.167969 0.065625 0.101562
1 0.941406 0.018750 0.064062 0.034375
0 0.660937 0.593750 0.050000 0.062500
0 0.706250 0.715625 0.065625 0.046875
0 0.810156 0.610156 0.060937 0.067187
0 0.507812 0.341406 0.053125 0.067187
1 0.627344 0.105469 0.070312 0.107813
0 0.850781 0.522656 0.048438 0.060937
0 0.848437 0.599219 0.053125 0.067187
0 0.778906 0.550781 0.048438 0.064062
1 0.550000 0.704688 0.071875 0.103125
1 0.895312 0.033594 0.062500 0.064062
1 0.849219 0.035937 0.051562 0.068750
0 0.740625 0.561719 0.050000 0.064062
0 0.697656 0.582812 0.048438 0.062500
0 0.814844 0.535156 0.048438 0.064062
1 0.356250 0.457031 0.075000 0.126562
1 0.761719 0.052344 0.067187 0.101562
1 0.802344 0.042969 0.060937 0.082812
0 0.749219 0.637500 0.051562 0.065625
1 0.686719 0.092969 0.070312 0.104688
1 0.364063 0.179688 0.062500 0.100000
1 0.551562 0.138281 0.065625 0.101562
1 0.590625 0.122656 0.065625 0.101562
1 0.730469 0.076563 0.067187 0.103125
0 0.550781 0.328125 0.051562 0.065625
0 0.578906 0.315625 0.051562 0.065625
0 0.607031 0.300000 0.051562 0.065625
0 0.638281 0.282813 0.051562 0.065625
0 0.678906 0.270313 0.051562 0.065625
0 0.707031 0.259375 0.051562 0.065625
0 0.738281 0.243750 0.051562 0.065625
0 0.775781 0.237500 0.051562 0.065625
0 0.805469 0.218750 0.051562 0.065625
0 0.842969 0.209375 0.051562 0.065625
0 0.921094 0.181250 0.051562 0.065625
0 0.925781 0.500000 0.051562 0.065625
0 0.950781 0.479687 0.051562 0.065625
0 0.979688 0.464062 0.040625 0.065625
0 0.956250 0.557031 0.046875 0.064062
0 0.686719 0.660156 0.048438 0.067187
0 0.641406 0.675781 0.048438 0.067187
