3 0.457031 0.671094 0.023438 0.057813
3 0.735156 0.088281 0.060937 0.051562
0 0.557031 0.485938 0.026562 0.062500
3 0.629687 0.503906 0.040625 0.104688
1 0.628906 0.503906 0.042188 0.107813
3 0.573438 0.085938 0.028125 0.062500
3 0.992969 0.020313 0.014063 0.037500
3 0.992188 0.082812 0.015625 0.056250
3 0.651563 0.085938 0.028125 0.068750
3 0.452344 0.611719 0.029687 0.070312
3 0.301563 0.019531 0.025000 0.035937
3 0.482812 0.567969 0.028125 0.064062
3 0.870313 0.025000 0.025000 0.046875
3 0.718750 0.085938 0.025000 0.050000
3 0.421094 0.085938 0.029687 0.068750
3 0.537500 0.090625 0.025000 0.053125
3 0.382812 0.024219 0.028125 0.045312
3 0.792969 0.022656 0.026562 0.042188
3 0.961719 0.082812 0.023438 0.050000
3 0.927344 0.078906 0.026562 0.054688
3 0.610156 0.083594 0.026562 0.064062
3 0.870313 0.082031 0.025000 0.051562
3 0.814844 0.084375 0.023438 0.056250
3 0.233594 0.087500 0.026562 0.062500
3 0.456250 0.739062 0.031250 0.062500
3 0.417969 0.022656 0.023438 0.042188
3 0.686719 0.092969 0.026562 0.054688
3 0.782813 0.089063 0.025000 0.053125
3 0.460938 0.088281 0.025000 0.051562
3 0.350781 0.090625 0.029687 0.059375
3 0.832812 0.023438 0.025000 0.043750
3 0.319531 0.084375 0.023438 0.046875
3 0.283594 0.096094 0.026562 0.051562
1 0.448437 0.506250 0.050000 0.121875
1 0.945312 0.384375 0.100000 0.053125
