1 0.332813 0.320312 0.034375 0.096875
1 0.308594 0.722656 0.029687 0.073438
3 0.973437 0.316406 0.043750 0.089063
3 0.953125 0.764062 0.050000 0.112500
1 0.357812 0.464844 0.034375 0.114062
1 0.317188 0.466406 0.034375 0.107813
3 0.513281 0.279687 0.060937 0.034375
3 0.510156 0.492188 0.048438 0.025000
3 0.503906 0.460156 0.051562 0.026562
3 0.503906 0.598437 0.048438 0.028125
3 0.504687 0.393750 0.056250 0.028125
1 0.378125 0.321875 0.034375 0.096875
1 0.245312 0.315625 0.034375 0.096875
1 0.202344 0.317188 0.035937 0.096875
1 0.160156 0.325000 0.035937 0.096875
1 0.116406 0.320312 0.035937 0.096875
1 0.071094 0.317188 0.035937 0.096875
1 0.055469 0.475000 0.035937 0.096875
1 0.099219 0.470313 0.035937 0.096875
1 0.142969 0.468750 0.035937 0.096875
1 0.185156 0.475000 0.035937 0.096875
1 0.228906 0.475000 0.035937 0.096875
