0 0.382812 0.957031 0.025000 0.057813
0 0.326562 0.963281 0.025000 0.054688
0 0.871875 0.307031 0.034375 0.064062
0 0.862500 0.372656 0.034375 0.064062
1 0.160156 0.310937 0.051562 0.106250
1 0.300000 0.308594 0.040625 0.073438
1 0.111719 0.289062 0.042188 0.090625
1 0.247656 0.150781 0.110937 0.051562
1 0.557031 0.104688 0.048438 0.109375
1 0.651563 0.119531 0.040625 0.085938
1 0.847656 0.145313 0.082812 0.046875
1 0.699219 0.122656 0.039062 0.082812
1 0.355469 0.313281 0.045312 0.107813
1 0.396094 0.310156 0.045312 0.107813
1 0.444531 0.307031 0.045312 0.107813
1 0.496094 0.310156 0.045312 0.107813
1 0.544531 0.310156 0.045312 0.107813
1 0.594531 0.311719 0.045312 0.107813
