1 0.287500 0.419531 0.040625 0.070312
1 0.368750 0.414062 0.050000 0.084375
1 0.323437 0.412500 0.037500 0.071875
1 0.342969 0.227344 0.085938 0.048438
1 0.490625 0.189844 0.118750 0.054688
1 0.514062 0.229687 0.084375 0.050000
1 0.399219 0.717969 0.051562 0.092188
1 0.444531 0.728125 0.045312 0.090625
1 0.582812 0.717187 0.050000 0.087500
1 0.626563 0.707812 0.046875 0.087500
1 0.670312 0.696094 0.046875 0.082812
3 0.065625 0.416406 0.043750 0.035937
3 0.106250 0.544531 0.050000 0.029687
3 0.110937 0.589844 0.050000 0.029687
3 0.123438 0.657813 0.053125 0.031250
3 0.049219 0.385937 0.039062 0.031250
