1 0.717969 0.670312 0.076563 0.065625
1 0.903125 0.946875 0.100000 0.084375
1 0.421094 0.569531 0.101562 0.085938
1 0.826562 0.828125 0.103125 0.084375
1 0.875781 0.905469 0.098437 0.079687
1 0.758594 0.700000 0.107813 0.084375
1 0.656250 0.543750 0.093750 0.084375
1 0.852344 0.864844 0.101562 0.079687
1 0.678125 0.583594 0.096875 0.079687
1 0.402344 0.533594 0.101562 0.085938
1 0.360938 0.499219 0.081250 0.073438
1 0.335938 0.457031 0.081250 0.073438
1 0.629687 0.504687 0.093750 0.084375
1 0.803125 0.786719 0.103125 0.085938
1 0.675781 0.969531 0.098437 0.060937
1 0.496875 0.692969 0.100000 0.082812
1 0.446875 0.610156 0.100000 0.082812
1 0.521875 0.732031 0.100000 0.082812
1 0.553125 0.780469 0.100000 0.082812
1 0.578125 0.814844 0.100000 0.082812
0 0.298438 0.419531 0.065625 0.054688
0 0.581250 0.864844 0.065625 0.054688
1 0.644531 0.949219 0.089063 0.073438
