1 0.935937 0.034375 0.040625 0.065625
0 0.555469 0.235156 0.029687 0.057813
0 0.463281 0.517188 0.051562 0.028125
1 0.693750 0.393750 0.062500 0.031250
1 0.845313 0.031250 0.037500 0.059375
0 0.557813 0.082812 0.031250 0.090625
1 0.464062 0.517188 0.053125 0.028125
0 0.649219 0.543750 0.054688 0.028125
1 0.658594 0.012500 0.035937 0.021875
1 0.464062 0.479687 0.068750 0.031250
1 0.971094 0.039062 0.045312 0.075000
1 0.485938 0.246094 0.087500 0.035937
0 0.722656 0.065625 0.051562 0.028125
1 0.489063 0.407813 0.062500 0.031250
1 0.489063 0.365625 0.059375 0.031250
0 0.692969 0.353906 0.057813 0.029687
1 0.682813 0.434375 0.068750 0.037500
1 0.721875 0.184375 0.068750 0.037500
0 0.482031 0.446875 0.051562 0.028125
1 0.801562 0.031250 0.037500 0.059375
