3 0.042188 0.392969 0.081250 0.042188
3 0.985938 0.704688 0.028125 0.050000
3 0.589844 0.948438 0.048438 0.056250
3 0.327344 0.968750 0.048438 0.034375
0 0.302344 0.456250 0.067187 0.031250
0 0.305469 0.496875 0.070312 0.031250
3 0.223438 0.574219 0.068750 0.032813
0 0.301563 0.417187 0.065625 0.031250
3 0.612500 0.977344 0.053125 0.042188
3 0.850000 0.182812 0.028125 0.059375
3 0.346094 0.985938 0.048438 0.028125
3 0.674219 0.286719 0.054688 0.032813
3 0.315625 0.836719 0.062500 0.032813
3 0.310937 0.800781 0.053125 0.029687
3 0.226562 0.532031 0.062500 0.035937
3 0.870313 0.314063 0.062500 0.040625
3 0.848437 0.101562 0.034375 0.065625
3 0.310156 0.909375 0.051562 0.028125
3 0.512500 0.833594 0.056250 0.051562
3 0.569531 0.923438 0.060937 0.056250
3 0.230469 0.612500 0.064062 0.034375
3 0.533594 0.864844 0.057813 0.051562
