1 0.369531 0.704688 0.132812 0.075000
1 0.554688 0.450781 0.112500 0.070312
1 0.595313 0.521875 0.125000 0.078125
1 0.322656 0.567969 0.142187 0.079687
1 0.301563 0.501563 0.137500 0.081250
1 0.733594 0.914062 0.148438 0.081250
1 0.540625 0.394531 0.112500 0.073438
1 0.389062 0.764062 0.146875 0.075000
1 0.346094 0.636719 0.135937 0.073438
1 0.420312 0.831250 0.134375 0.075000
1 0.650781 0.715625 0.126562 0.075000
1 0.640625 0.653125 0.140625 0.075000
1 0.678125 0.785156 0.134375 0.073438
1 0.440625 0.896875 0.134375 0.075000
1 0.464844 0.962500 0.142187 0.071875
