0 0.843750 0.389844 0.056250 0.067187
1 0.842187 0.198437 0.093750 0.134375
0 0.682031 0.855469 0.067187 0.060937
0 0.778125 0.349219 0.059375 0.064062
0 0.943750 0.471875 0.059375 0.071875
0 0.873437 0.415625 0.056250 0.065625
0 0.656250 0.890625 0.062500 0.059375
1 0.327344 0.060937 0.085938 0.100000
1 0.298438 0.041406 0.087500 0.079687
0 0.753125 0.321875 0.065625 0.068750
0 0.646875 0.247656 0.059375 0.070312
0 0.715625 0.292187 0.062500 0.071875
0 0.681250 0.267969 0.062500 0.070312
1 0.352344 0.089063 0.092188 0.109375
0 0.610156 0.225781 0.060937 0.070312
1 0.942187 0.265625 0.093750 0.134375
1 0.971094 0.307812 0.057813 0.131250
1 0.135937 0.414062 0.125000 0.128125
0 0.712500 0.806250 0.062500 0.059375
0 0.779687 0.862500 0.062500 0.059375
