1 0.876563 0.046094 0.071875 0.089063
1 0.964063 0.032813 0.071875 0.062500
1 0.828125 0.057031 0.071875 0.107813
1 0.363281 0.194531 0.082812 0.057813
1 0.346875 0.151562 0.081250 0.056250
1 0.920312 0.039844 0.071875 0.076563
1 0.435937 0.382031 0.084375 0.057813
1 0.382812 0.242969 0.087500 0.057813
1 0.332813 0.104688 0.084375 0.056250
1 0.314844 0.056250 0.082812 0.059375
1 0.415625 0.330469 0.087500 0.057813
1 0.497656 0.557813 0.085938 0.062500
1 0.450000 0.425781 0.084375 0.057813
1 0.781250 0.066406 0.071875 0.107813
0 0.582812 0.302344 0.062500 0.048438
0 0.598437 0.350781 0.062500 0.048438
0 0.634375 0.444531 0.062500 0.048438
0 0.654687 0.488281 0.062500 0.048438
