1 0.010156 0.834375 0.017188 0.109375
4 0.097656 0.056250 0.035937 0.096875
0 0.196875 0.154688 0.050000 0.028125
1 0.205469 0.836719 0.035937 0.098437
1 0.320312 0.843750 0.034375 0.090625
1 0.240625 0.844531 0.037500 0.095312
1 0.071094 0.831250 0.035937 0.090625
1 0.278906 0.844531 0.035937 0.092188
3 0.948438 0.965625 0.034375 0.065625
0 0.378906 0.483594 0.045312 0.092188
1 0.402344 0.853906 0.035937 0.092188
1 0.492969 0.878125 0.039062 0.103125
1 0.488281 0.981250 0.082812 0.034375
1 0.115625 0.830469 0.037500 0.089063
1 0.032031 0.417187 0.045312 0.128125
1 0.449219 0.857812 0.035937 0.090625
3 0.906250 0.939063 0.050000 0.118750
3 0.976562 0.696875 0.028125 0.053125
3 0.964844 0.316406 0.026562 0.048438
3 0.927344 0.691406 0.029687 0.054688
3 0.955469 0.491406 0.029687 0.054688
0 0.200000 0.121875 0.050000 0.028125
0 0.200000 0.089063 0.050000 0.028125
0 0.204687 0.060937 0.050000 0.028125
1 0.210938 0.030469 0.065625 0.042188
