1 0.625000 0.589844 0.081250 0.064062
1 0.810937 0.442969 0.100000 0.067187
1 0.734375 0.285938 0.100000 0.071875
1 0.775000 0.364063 0.106250 0.068750
1 0.793750 0.402344 0.100000 0.070312
0 0.613281 0.549219 0.064062 0.048438
1 0.450000 0.279687 0.093750 0.065625
1 0.473438 0.320312 0.100000 0.071875
1 0.511719 0.398438 0.101562 0.075000
3 0.974219 0.064844 0.051562 0.029687
1 0.533594 0.436719 0.104688 0.076563
1 0.710938 0.251563 0.078125 0.065625
1 0.700781 0.210156 0.104688 0.082812
1 0.674219 0.163281 0.104688 0.082812
1 0.754687 0.323437 0.106250 0.068750
