0 0.606250 0.765625 0.046875 0.028125
0 0.343750 0.614062 0.050000 0.028125
0 0.607812 0.732812 0.053125 0.028125
1 0.335156 0.644531 0.057813 0.029687
1 0.571875 0.516406 0.034375 0.060937
1 0.690625 0.130469 0.037500 0.089063
1 0.328125 0.676562 0.062500 0.031250
3 0.765625 0.282031 0.053125 0.026562
0 0.344531 0.582031 0.051562 0.029687
0 0.350781 0.528125 0.051562 0.028125
1 0.637500 0.118750 0.037500 0.087500
1 0.324219 0.711719 0.064062 0.029687
3 0.762500 0.343750 0.050000 0.028125
1 0.590625 0.978906 0.059375 0.032813
3 0.769531 0.228125 0.045312 0.025000
3 0.592969 0.244531 0.039062 0.039062
1 0.553906 0.824219 0.035937 0.085938
0 0.268750 0.248438 0.046875 0.028125
1 0.596875 0.906250 0.059375 0.034375
3 0.769531 0.254688 0.051562 0.028125
3 0.769531 0.394531 0.045312 0.026562
1 0.593750 0.941406 0.062500 0.032813
