1 0.030469 0.020313 0.057813 0.037500
1 0.635156 0.348438 0.085938 0.068750
1 0.100000 0.224219 0.093750 0.107813
3 0.237500 0.821094 0.090625 0.085938
1 0.222656 0.533594 0.173437 0.051562
1 0.612500 0.324219 0.087500 0.070312
1 0.039844 0.589844 0.076563 0.089063
3 0.183594 0.892969 0.054688 0.054688
1 0.587500 0.298438 0.090625 0.071875
1 0.150781 0.460938 0.139063 0.043750
3 0.305469 0.801562 0.070312 0.062500
1 0.196875 0.496094 0.178125 0.064062
1 0.128906 0.420312 0.154688 0.050000
3 0.207813 0.879687 0.065625 0.056250
3 0.385156 0.752344 0.070312 0.064062
3 0.402344 0.727344 0.070312 0.064062
3 0.625781 0.564844 0.070312 0.064062
3 0.742969 0.453906 0.070312 0.064062
1 0.655469 0.375000 0.085938 0.068750
1 0.524219 0.220312 0.085938 0.068750
1 0.505469 0.185938 0.085938 0.068750
1 0.489844 0.168750 0.085938 0.068750
1 0.469531 0.132812 0.085938 0.068750
1 0.444531 0.100000 0.085938 0.068750
1 0.417969 0.075000 0.085938 0.068750
1 0.396094 0.050000 0.085938 0.068750
1 0.196094 0.146094 0.079687 0.098437
1 0.233594 0.153906 0.079687 0.098437
1 0.238281 0.191406 0.082812 0.117188
1 0.260937 0.209375 0.087500 0.131250
1 0.295312 0.241406 0.078125 0.117188
1 0.327344 0.315625 0.073438 0.131250
1 0.356250 0.353906 0.068750 0.114062
1 0.387500 0.378906 0.065625 0.110937
1 0.424219 0.415625 0.070312 0.128125
1 0.332031 0.445312 0.117188 0.115625
1 0.299219 0.465625 0.117188 0.115625
