1 0.615625 0.580469 0.050000 0.082812
1 0.902344 0.186719 0.051562 0.085938
0 0.101562 0.935937 0.062500 0.046875
0 0.117188 0.979688 0.059375 0.040625
1 0.266406 0.435937 0.067187 0.109375
1 0.221875 0.454688 0.068750 0.112500
3 0.654687 0.021875 0.053125 0.040625
1 0.314844 0.421094 0.070312 0.114062
1 0.296094 0.702344 0.070312 0.114062
1 0.344531 0.685156 0.070312 0.114062
1 0.388281 0.664844 0.070312 0.114062
1 0.432031 0.650781 0.070312 0.114062
1 0.475781 0.633594 0.070312 0.114062
1 0.519531 0.617969 0.070312 0.114062
