0 0.292187 0.503906 0.056250 0.045312
1 0.767188 0.667188 0.096875 0.096875
1 0.442969 0.304688 0.067187 0.071875
1 0.505469 0.371875 0.067187 0.071875
1 0.416406 0.276562 0.064062 0.068750
1 0.354687 0.205469 0.062500 0.070312
1 0.323437 0.171094 0.065625 0.070312
1 0.468750 0.342187 0.084375 0.084375
0 0.744531 0.628906 0.057813 0.057813
1 0.655469 0.536719 0.067187 0.070312
3 0.094531 0.810937 0.039062 0.053125
1 0.688281 0.565625 0.060937 0.071875
3 0.935937 0.032813 0.050000 0.050000
1 0.603906 0.474219 0.064062 0.073438
0 0.393750 0.242969 0.056250 0.060937
1 0.633594 0.511719 0.064062 0.070312
1 0.570312 0.443750 0.065625 0.075000
1 0.714844 0.598437 0.060937 0.068750
0 0.542188 0.766406 0.050000 0.057813
0 0.595313 0.828906 0.056250 0.060937
1 0.120313 0.304688 0.078125 0.078125
1 0.189844 0.379688 0.073438 0.071875
1 0.224219 0.410938 0.073438 0.071875
1 0.189062 0.693750 0.068750 0.075000
1 0.290625 0.785937 0.068750 0.075000
