1 0.513281 0.486719 0.120313 0.132812
1 0.193750 0.591406 0.040625 0.123438
1 0.035937 0.602344 0.043750 0.135937
3 0.752344 0.810937 0.032813 0.062500
3 0.720313 0.815625 0.034375 0.065625
1 0.642969 0.653125 0.073438 0.031250
3 0.328125 0.852344 0.037500 0.067187
3 0.789844 0.811719 0.032813 0.060937
1 0.139063 0.596094 0.043750 0.123438
3 0.685937 0.817187 0.034375 0.065625
1 0.092188 0.602344 0.046875 0.135937
3 0.457031 0.835156 0.035937 0.067187
3 0.360938 0.845313 0.031250 0.056250
3 0.529687 0.831250 0.034375 0.059375
3 0.495312 0.834375 0.031250 0.056250
1 0.454688 0.357031 0.100000 0.126562
1 0.338281 0.555469 0.064062 0.164062
1 0.583594 0.703906 0.135937 0.057813
