1 0.076563 0.414844 0.043750 0.082812
1 0.417969 0.443750 0.042188 0.081250
1 0.281250 0.651563 0.037500 0.078125
1 0.281250 0.652344 0.037500 0.076563
1 0.161719 0.419531 0.042188 0.085938
1 0.242969 0.431250 0.045312 0.081250
1 0.024219 0.657813 0.035937 0.081250
1 0.192969 0.646094 0.039062 0.079687
1 0.065625 0.637500 0.037500 0.078125
1 0.110937 0.639844 0.034375 0.073438
1 0.050000 0.767188 0.040625 0.081250
1 0.014844 0.766406 0.026562 0.082812
1 0.236719 0.648438 0.039062 0.081250
1 0.177344 0.779687 0.039062 0.078125
1 0.221875 0.781250 0.040625 0.081250
1 0.264062 0.785937 0.040625 0.081250
1 0.134375 0.775000 0.037500 0.081250
1 0.350000 0.782813 0.043750 0.100000
1 0.335156 0.434375 0.045312 0.081250
1 0.463281 0.446875 0.042188 0.081250
