1 0.300781 0.575000 0.045312 0.103125
1 0.398438 0.522656 0.043750 0.107813
1 0.167187 0.455469 0.043750 0.107813
1 0.137500 0.778906 0.043750 0.107813
1 0.048438 0.780469 0.043750 0.107813
1 0.268750 0.777344 0.043750 0.107813
1 0.312500 0.775781 0.043750 0.107813
1 0.356250 0.775781 0.043750 0.107813
1 0.443750 0.780469 0.043750 0.107813
1 0.489063 0.778906 0.043750 0.107813
1 0.529687 0.777344 0.043750 0.107813
1 0.625000 0.778906 0.043750 0.107813
3 0.029687 0.453906 0.046875 0.101562
3 0.028125 0.547656 0.046875 0.101562
