1 0.314844 0.460938 0.085938 0.037500
1 0.285938 0.626563 0.059375 0.031250
1 0.318750 0.416406 0.081250 0.035937
0 0.269531 0.803125 0.051562 0.028125
1 0.332031 0.331250 0.079687 0.034375
1 0.155469 0.281250 0.064062 0.034375
3 0.012500 0.839844 0.021875 0.035937
1 0.175781 0.022656 0.060937 0.032813
1 0.167187 0.171094 0.065625 0.035937
1 0.171094 0.100000 0.064062 0.034375
1 0.313281 0.503125 0.092188 0.034375
3 0.012500 0.915625 0.021875 0.028125
1 0.168750 0.132031 0.065625 0.032813
1 0.175781 0.061719 0.064062 0.035937
1 0.328125 0.293750 0.090625 0.037500
1 0.338281 0.209375 0.085938 0.037500
1 0.157812 0.243750 0.062500 0.034375
1 0.346094 0.125000 0.085938 0.037500
1 0.335156 0.250000 0.082812 0.037500
1 0.357812 0.041406 0.084375 0.035937
3 0.024219 0.684375 0.045312 0.034375
1 0.344531 0.168750 0.089063 0.040625
3 0.026562 0.613281 0.050000 0.032813
0 0.270313 0.768750 0.050000 0.034375
0 0.275000 0.735938 0.050000 0.034375
0 0.275000 0.707812 0.050000 0.034375
1 0.282813 0.677344 0.065625 0.032813
4 0.170313 0.699219 0.053125 0.107813
