1 0.246094 0.335938 0.092188 0.143750
1 0.979688 0.075000 0.037500 0.146875
1 0.962500 0.090625 0.075000 0.162500
1 0.935156 0.128125 0.104688 0.143750
1 0.914844 0.201563 0.101562 0.146875
1 0.685156 0.592187 0.076563 0.125000
1 0.461719 0.324219 0.073438 0.151562
1 0.196875 0.634375 0.109375 0.068750
1 0.642188 0.616406 0.078125 0.098437
1 0.357812 0.348438 0.078125 0.140625
1 0.418750 0.337500 0.075000 0.146875
1 0.075781 0.405469 0.107813 0.057813
1 0.230469 0.668750 0.114062 0.068750
1 0.182812 0.596094 0.115625 0.082812
1 0.159375 0.546094 0.106250 0.073438
1 0.117188 0.468750 0.106250 0.068750
1 0.053906 0.356250 0.104688 0.068750
0 0.075781 0.035156 0.076563 0.045312
1 0.473438 0.712500 0.071875 0.109375
1 0.526563 0.698438 0.071875 0.109375
1 0.564063 0.668750 0.071875 0.109375
1 0.605469 0.642969 0.073438 0.132812
1 0.289844 0.338281 0.070312 0.114062
1 0.503125 0.296094 0.090625 0.142187
1 0.554688 0.266406 0.090625 0.142187
1 0.605469 0.245312 0.076563 0.140625
1 0.649219 0.230469 0.089063 0.148438
1 0.685156 0.210156 0.092188 0.132812
