3 0.578906 0.014063 0.045312 0.025000
3 0.849219 0.130469 0.039062 0.060937
1 0.045312 0.827344 0.034375 0.076563
3 0.978125 0.179688 0.037500 0.065625
3 0.696875 0.064844 0.046875 0.067187
3 0.881250 0.147656 0.037500 0.064062
3 0.805469 0.107031 0.048438 0.073438
3 0.628125 0.032813 0.043750 0.056250
3 0.913281 0.158594 0.035937 0.060937
3 0.946875 0.167187 0.040625 0.068750
3 0.734375 0.075000 0.046875 0.065625
3 0.662500 0.048438 0.043750 0.065625
3 0.764062 0.094531 0.050000 0.067187
1 0.172656 0.567187 0.060937 0.212500
1 0.225000 0.552344 0.056250 0.242188
1 0.277344 0.553125 0.060937 0.250000
1 0.335156 0.551562 0.060937 0.250000
1 0.386719 0.550000 0.060937 0.250000
1 0.438281 0.545312 0.060937 0.250000
