1 0.409375 0.534375 0.040625 0.093750
3 0.275781 0.285938 0.051562 0.056250
1 0.184375 0.975781 0.040625 0.048438
1 0.130469 0.975000 0.042188 0.050000
1 0.760938 0.626563 0.090625 0.034375
1 0.736719 0.244531 0.089063 0.042188
3 0.139063 0.245312 0.056250 0.028125
1 0.450000 0.521875 0.043750 0.115625
3 0.136719 0.212500 0.054688 0.028125
1 0.537500 0.517188 0.037500 0.112500
1 0.363281 0.524219 0.048438 0.107813
3 0.275781 0.232031 0.051562 0.026562
3 0.278125 0.270313 0.050000 0.025000
3 0.278906 0.014844 0.051562 0.026562
3 0.126562 0.144531 0.062500 0.029687
3 0.278125 0.050781 0.059375 0.029687
1 0.492969 0.517188 0.039062 0.109375
3 0.120313 0.046094 0.056250 0.029687
3 0.271875 0.117969 0.065625 0.035937
3 0.140625 0.275781 0.062500 0.029687
3 0.130469 0.178906 0.054688 0.029687
3 0.289844 0.342187 0.051562 0.028125
3 0.125781 0.109375 0.064062 0.031250
4 0.760156 0.478906 0.092188 0.042188
4 0.760156 0.521094 0.092188 0.042188
3 0.297656 0.387500 0.051562 0.028125
