3 0.582812 0.007031 0.053125 0.010937
3 0.217969 0.287500 0.164062 0.056250
1 0.364844 0.378125 0.051562 0.068750
3 0.818750 0.771094 0.068750 0.039062
3 0.585156 0.135156 0.057813 0.029687
3 0.691406 0.767969 0.085938 0.039062
3 0.585938 0.100000 0.053125 0.028125
3 0.814063 0.129688 0.056250 0.031250
3 0.585156 0.030469 0.057813 0.035937
3 0.588281 0.170313 0.060937 0.037500
3 0.588281 0.068750 0.057813 0.028125
3 0.817187 0.064844 0.062500 0.029687
3 0.151562 0.693750 0.056250 0.059375
3 0.814844 0.099219 0.057813 0.032813
3 0.366406 0.688281 0.048438 0.051562
3 0.312500 0.692969 0.043750 0.048438
3 0.300781 0.396094 0.051562 0.070312
3 0.362500 0.599219 0.062500 0.064062
3 0.822656 0.169531 0.054688 0.029687
3 0.258594 0.601562 0.057813 0.062500
3 0.819531 0.032031 0.067187 0.035937
