0 0.909375 0.978906 0.065625 0.039062
0 0.054688 0.789844 0.053125 0.067187
1 0.376563 0.660156 0.068750 0.107813
1 0.265625 0.419531 0.068750 0.101562
1 0.326562 0.121094 0.103125 0.092188
3 0.932031 0.723437 0.045312 0.065625
1 0.228125 0.179688 0.109375 0.084375
1 0.269531 0.146094 0.107813 0.085938
1 0.179688 0.208594 0.100000 0.085938
0 0.877344 0.917188 0.067187 0.053125
0 0.869531 0.881250 0.067187 0.053125
0 0.598437 0.589063 0.053125 0.075000
0 0.565625 0.518750 0.053125 0.075000
0 0.523438 0.535937 0.053125 0.075000
0 0.429688 0.582812 0.053125 0.075000
0 0.389062 0.590625 0.053125 0.075000
0 0.426563 0.671875 0.053125 0.075000
0 0.460938 0.659375 0.053125 0.075000
0 0.490625 0.640625 0.053125 0.075000
0 0.520312 0.625000 0.053125 0.075000
0 0.557813 0.603125 0.053125 0.075000
0 0.350000 0.421875 0.053125 0.075000
0 0.318750 0.432812 0.053125 0.075000
0 0.485938 0.357812 0.053125 0.075000
0 0.450000 0.287500 0.053125 0.075000
0 0.027344 0.800781 0.051562 0.067187
0 0.457031 0.957812 0.064062 0.059375
