0 0.401562 0.750781 0.053125 0.067187
0 0.629687 0.571094 0.053125 0.064062
0 0.192969 0.440625 0.045312 0.065625
0 0.502344 0.326562 0.051562 0.068750
0 0.539844 0.307812 0.054688 0.068750
1 0.428906 0.036719 0.104688 0.070312
0 0.582812 0.291406 0.056250 0.067187
0 0.258594 0.416406 0.048438 0.064062
0 0.440625 0.739062 0.046875 0.065625
1 0.021875 0.899219 0.040625 0.095312
0 0.334375 0.782031 0.053125 0.067187
0 0.439844 0.659375 0.048438 0.062500
0 0.263281 0.804688 0.057813 0.071875
0 0.475000 0.729688 0.043750 0.062500
0 0.226562 0.430469 0.046875 0.064062
0 0.614062 0.678906 0.046875 0.070312
0 0.361719 0.771094 0.048438 0.064062
0 0.535156 0.703125 0.048438 0.065625
0 0.600000 0.592187 0.046875 0.059375
0 0.578125 0.696094 0.050000 0.070312
1 0.082812 0.299219 0.068750 0.107813
0 0.473438 0.646094 0.046875 0.060937
0 0.150781 0.777344 0.045312 0.060937
1 0.416406 0.170313 0.067187 0.100000
1 0.457031 0.151562 0.073438 0.118750
0 0.567187 0.607812 0.050000 0.059375
1 0.378906 0.185938 0.064062 0.100000
0 0.301563 0.793750 0.050000 0.068750
1 0.385156 0.047656 0.126562 0.092188
1 0.253125 0.224219 0.065625 0.114062
0 0.231250 0.744531 0.050000 0.064062
1 0.489844 0.139063 0.073438 0.112500
1 0.214062 0.243750 0.071875 0.125000
1 0.539062 0.133594 0.071875 0.104688
0 0.302344 0.715625 0.048438 0.062500
0 0.194531 0.758594 0.051562 0.064062
1 0.297656 0.210938 0.067187 0.118750
1 0.348438 0.062500 0.112500 0.100000
0 0.267969 0.730469 0.045312 0.060937
0 0.537500 0.620313 0.043750 0.062500
0 0.202344 0.833594 0.048438 0.064062
0 0.507812 0.632031 0.046875 0.060937
1 0.139063 0.287500 0.071875 0.103125
1 0.344531 0.201563 0.064062 0.115625
1 0.611719 0.099219 0.073438 0.104688
1 0.024219 0.334375 0.045312 0.106250
1 0.046875 0.322656 0.068750 0.107813
1 0.090625 0.164844 0.068750 0.107813
1 0.224219 0.110937 0.123438 0.084375
0 0.013281 0.522656 0.023438 0.067187
0 0.036719 0.507812 0.045312 0.065625
0 0.064844 0.500000 0.045312 0.065625
0 0.096094 0.481250 0.045312 0.065625
0 0.130469 0.470313 0.045312 0.065625
0 0.163281 0.450000 0.045312 0.065625
0 0.296094 0.401562 0.045312 0.065625
0 0.330469 0.387500 0.045312 0.065625
0 0.372656 0.373437 0.045312 0.065625
0 0.436719 0.359375 0.045312 0.065625
0 0.467969 0.337500 0.045312 0.065625
0 0.651563 0.666406 0.046875 0.070312
0 0.410156 0.670312 0.048438 0.062500
0 0.374219 0.682813 0.048438 0.062500
0 0.117969 0.786719 0.045312 0.060937
0 0.099219 0.872656 0.045312 0.060937
0 0.160938 0.907813 0.062500 0.053125
0 0.132031 0.853906 0.048438 0.064062
0 0.164844 0.844531 0.048438 0.064062
0 0.014844 0.182812 0.026562 0.062500
0 0.035937 0.171094 0.050000 0.064062
