3 0.991406 0.464844 0.017188 0.048438
0 0.679688 0.529687 0.068750 0.034375
0 0.601562 0.534375 0.081250 0.034375
0 0.682031 0.483594 0.076563 0.042188
0 0.601562 0.492969 0.087500 0.035937
3 0.991406 0.514844 0.017188 0.045312
0 0.603125 0.456250 0.087500 0.040625
3 0.889062 0.575000 0.071875 0.056250
3 0.910156 0.805469 0.064062 0.054688
3 0.905469 0.975000 0.070312 0.050000
3 0.867188 0.304688 0.059375 0.043750
3 0.892969 0.878906 0.060937 0.051562
3 0.894531 0.666406 0.070312 0.048438
3 0.902344 0.710938 0.067187 0.050000
3 0.888281 0.495312 0.060937 0.050000
3 0.901563 0.929688 0.062500 0.050000
3 0.872656 0.395313 0.060937 0.046875
3 0.888281 0.450781 0.064062 0.051562
3 0.903125 0.631250 0.062500 0.050000
3 0.904687 0.757812 0.056250 0.043750
3 0.908594 0.852344 0.067187 0.057813
3 0.877344 0.357031 0.060937 0.051562
