3 0.887500 0.101562 0.068750 0.037500
3 0.873437 0.136719 0.059375 0.039062
3 0.869531 0.171094 0.057813 0.039062
3 0.833594 0.368750 0.070312 0.050000
3 0.860938 0.233594 0.071875 0.039062
3 0.853125 0.268750 0.068750 0.040625
0 0.337500 0.636719 0.087500 0.042188
0 0.329688 0.683594 0.087500 0.042188
0 0.631250 0.323437 0.075000 0.037500
0 0.615625 0.425000 0.075000 0.037500
0 0.604688 0.467187 0.075000 0.037500
0 0.601562 0.509375 0.075000 0.037500
0 0.593750 0.553125 0.075000 0.037500
0 0.578125 0.623437 0.075000 0.037500
0 0.570312 0.676562 0.075000 0.037500
0 0.564063 0.720313 0.075000 0.037500
0 0.559375 0.759375 0.075000 0.037500
0 0.557813 0.817187 0.075000 0.037500
