0 0.019531 0.406250 0.035937 0.062500
1 0.861719 0.103906 0.120313 0.048438
1 0.825000 0.816406 0.065625 0.107813
1 0.680469 0.881250 0.060937 0.100000
1 0.859375 0.150781 0.115625 0.048438
1 0.787500 0.829688 0.068750 0.106250
0 0.473438 0.600781 0.050000 0.060937
1 0.716406 0.864844 0.070312 0.104688
1 0.859375 0.800000 0.071875 0.109375
3 0.141406 0.123438 0.060937 0.034375
1 0.597656 0.482031 0.079687 0.142187
1 0.850781 0.382812 0.067187 0.112500
1 0.917969 0.788281 0.073438 0.104688
1 0.560156 0.490625 0.073438 0.121875
0 0.408594 0.552344 0.048438 0.067187
3 0.080469 0.236719 0.057813 0.060937
3 0.130469 0.025000 0.057813 0.031250
1 0.897656 0.382812 0.073438 0.134375
1 0.770312 0.422656 0.081250 0.129688
3 0.126562 0.156250 0.065625 0.043750
3 0.057813 0.256250 0.053125 0.062500
1 0.518750 0.505469 0.075000 0.117188
1 0.718750 0.443750 0.081250 0.131250
1 0.667188 0.456250 0.081250 0.137500
3 0.143750 0.092188 0.059375 0.034375
3 0.119531 0.191406 0.054688 0.042188
3 0.021875 0.271094 0.040625 0.054688
1 0.860156 0.664844 0.073438 0.104688
1 0.955469 0.767969 0.073438 0.104688
1 0.971094 0.730469 0.057813 0.107813
0 0.750000 0.700000 0.050000 0.062500
0 0.778125 0.685937 0.050000 0.062500
0 0.809375 0.673438 0.050000 0.062500
1 0.592969 0.875781 0.073438 0.104688
0 0.803906 0.985156 0.032813 0.029687
0 0.838281 0.980469 0.039062 0.039062
0 0.867969 0.973437 0.042188 0.053125
0 0.907813 0.967969 0.046875 0.064062
0 0.939063 0.948438 0.046875 0.071875
0 0.971875 0.943750 0.046875 0.071875
1 0.967969 0.599219 0.064062 0.070312
