1 0.335156 0.071094 0.085938 0.073438
1 0.378906 0.101562 0.114062 0.084375
1 0.437500 0.625781 0.100000 0.082812
1 0.413281 0.583594 0.098437 0.076563
1 0.362500 0.501563 0.096875 0.078125
1 0.288281 0.384375 0.101562 0.081250
1 0.389844 0.542969 0.101562 0.079687
1 0.340625 0.464844 0.100000 0.079687
1 0.314844 0.421875 0.098437 0.081250
3 0.839063 0.028906 0.056250 0.035937
1 0.638281 0.917969 0.104688 0.085938
1 0.902344 0.908594 0.104688 0.085938
1 0.948438 0.971094 0.103125 0.057813
1 0.066406 0.029687 0.098437 0.056250
1 0.113281 0.092969 0.098437 0.082812
1 0.139844 0.133594 0.098437 0.082812
1 0.166406 0.178906 0.098437 0.082812
1 0.194531 0.217969 0.098437 0.082812
1 0.415625 0.184375 0.100000 0.087500
1 0.439063 0.225000 0.100000 0.087500
1 0.466406 0.265625 0.098437 0.087500
1 0.496094 0.304688 0.098437 0.087500
1 0.519531 0.350000 0.098437 0.087500
1 0.671875 0.953125 0.081250 0.062500
1 0.256250 0.350000 0.081250 0.062500
0 0.209375 0.267188 0.081250 0.062500
