3 0.910156 0.064844 0.051562 0.085938
0 0.366406 0.095312 0.060937 0.046875
1 0.039062 0.853906 0.065625 0.139063
0 0.560937 0.636719 0.062500 0.076563
0 0.377344 0.135156 0.067187 0.048438
0 0.528125 0.645312 0.062500 0.075000
0 0.485156 0.377344 0.064062 0.045312
0 0.338281 0.025781 0.064062 0.045312
0 0.349219 0.063281 0.064062 0.042188
3 0.566406 0.021094 0.060937 0.035937
0 0.440625 0.273438 0.059375 0.046875
0 0.277344 0.710156 0.051562 0.067187
0 0.471094 0.341406 0.064062 0.048438
0 0.456250 0.306250 0.062500 0.043750
0 0.242969 0.067969 0.048438 0.067187
0 0.310937 0.696875 0.053125 0.068750
3 0.683594 0.310937 0.067187 0.043750
3 0.703906 0.370312 0.070312 0.046875
0 0.344531 0.682813 0.051562 0.065625
0 0.242188 0.722656 0.050000 0.064062
0 0.598437 0.617969 0.062500 0.076563
0 0.498437 0.408594 0.071875 0.048438
0 0.064062 0.691406 0.046875 0.067187
0 0.029687 0.710156 0.046875 0.067187
0 0.012500 0.642969 0.021875 0.067187
0 0.042188 0.629687 0.046875 0.062500
0 0.024219 0.566406 0.045312 0.070312
