1 0.025781 0.156250 0.048438 0.059375
0 0.294531 0.100781 0.060937 0.051562
3 0.308594 0.450781 0.039062 0.054688
1 0.403125 0.503906 0.075000 0.092188
1 0.262500 0.425000 0.075000 0.100000
0 0.973437 0.186719 0.050000 0.048438
1 0.839063 0.099219 0.068750 0.060937
3 0.183594 0.598437 0.035937 0.053125
3 0.252344 0.626563 0.042188 0.062500
1 0.942187 0.807813 0.056250 0.068750
3 0.153125 0.578125 0.043750 0.062500
1 0.254688 0.160156 0.093750 0.067187
0 0.905469 0.793750 0.051562 0.059375
1 0.973437 0.835938 0.053125 0.084375
3 0.216406 0.610938 0.039062 0.059375
1 0.326562 0.027344 0.090625 0.051562
