1 0.491406 0.961719 0.057813 0.032813
0 0.490625 0.961719 0.059375 0.032813
0 0.472656 0.360156 0.023438 0.057813
1 0.288281 0.752344 0.045312 0.107813
3 0.219531 0.251563 0.029687 0.062500
1 0.650781 0.452344 0.076563 0.035937
0 0.382031 0.372656 0.060937 0.042188
0 0.386719 0.455469 0.060937 0.042188
0 0.388281 0.496094 0.060937 0.042188
0 0.385156 0.536719 0.060937 0.042188
0 0.391406 0.608594 0.060937 0.042188
0 0.491406 0.989062 0.054688 0.021875
1 0.542969 0.828125 0.042188 0.090625
1 0.625781 0.820312 0.042188 0.090625
1 0.283594 0.605469 0.045312 0.107813
1 0.275781 0.474219 0.045312 0.107813
1 0.274219 0.350781 0.045312 0.107813
1 0.266406 0.217969 0.045312 0.107813
1 0.260156 0.096094 0.045312 0.107813
1 0.722656 0.986719 0.104688 0.026562
