0 0.400000 0.459375 0.025000 0.056250
0 0.429688 0.460156 0.025000 0.054688
2 0.513281 0.615625 0.032813 0.062500
1 0.802344 0.647656 0.032813 0.054688
0 0.461719 0.464844 0.026562 0.051562
2 0.803125 0.647656 0.031250 0.054688
2 0.500000 0.455469 0.034375 0.070312
3 0.991406 0.270313 0.017188 0.034375
1 0.216406 0.596875 0.029687 0.065625
3 0.987500 0.352344 0.021875 0.032813
1 0.513281 0.616406 0.032813 0.064062
2 0.550000 0.619531 0.031250 0.057813
3 0.969531 0.769531 0.045312 0.026562
2 0.622656 0.628125 0.032813 0.059375
1 0.164062 0.602344 0.028125 0.070312
0 0.310937 0.450781 0.028125 0.054688
3 0.822656 0.310156 0.054688 0.032813
2 0.835156 0.753125 0.029687 0.059375
2 0.721875 0.743750 0.031250 0.059375
2 0.695312 0.639062 0.031250 0.056250
2 0.688281 0.742188 0.032813 0.059375
2 0.586719 0.625781 0.032813 0.057813
3 0.604688 0.017969 0.056250 0.029687
2 0.659375 0.632812 0.031250 0.059375
2 0.796875 0.750000 0.034375 0.062500
1 0.110156 0.600781 0.032813 0.085938
3 0.976562 0.571875 0.046875 0.031250
2 0.651563 0.739844 0.034375 0.060937
2 0.760156 0.745313 0.032813 0.062500
3 0.977344 0.835156 0.045312 0.026562
1 0.435156 0.625781 0.032813 0.089063
1 0.389062 0.621875 0.037500 0.093750
3 0.975781 0.514844 0.048438 0.026562
1 0.272656 0.444531 0.035937 0.067187
