1 0.128906 0.626563 0.085938 0.112500
0 0.482031 0.345313 0.067187 0.043750
0 0.221094 0.466406 0.070312 0.048438
0 0.203125 0.424219 0.068750 0.048438
0 0.371875 0.308594 0.065625 0.048438
1 0.232031 0.676562 0.079687 0.112500
0 0.388281 0.514062 0.048438 0.065625
0 0.427344 0.503125 0.048438 0.065625
1 0.052344 0.406250 0.054688 0.106250
0 0.971875 0.270313 0.056250 0.046875
0 0.179688 0.385937 0.071875 0.050000
1 0.478906 0.767188 0.060937 0.134375
0 0.945312 0.200000 0.062500 0.043750
0 0.958594 0.235156 0.064062 0.045312
0 0.418750 0.578125 0.050000 0.071875
0 0.347656 0.604688 0.051562 0.068750
1 0.288281 0.840625 0.070312 0.146875
0 0.798438 0.591406 0.050000 0.067187
0 0.385156 0.589844 0.048438 0.070312
0 0.764062 0.603906 0.050000 0.067187
1 0.339062 0.822656 0.059375 0.142187
1 0.432812 0.781250 0.059375 0.134375
1 0.389062 0.796875 0.059375 0.143750
0 0.832812 0.577344 0.050000 0.064062
0 0.729688 0.617969 0.046875 0.064062
1 0.525781 0.746094 0.070312 0.148438
0 0.242188 0.357812 0.071875 0.050000
0 0.303125 0.332813 0.071875 0.050000
0 0.259375 0.396875 0.071875 0.050000
0 0.282813 0.442188 0.071875 0.050000
0 0.348438 0.412500 0.071875 0.050000
0 0.329688 0.370312 0.071875 0.050000
0 0.385937 0.340625 0.071875 0.050000
0 0.412500 0.376563 0.071875 0.050000
0 0.464844 0.482812 0.048438 0.065625
0 0.503906 0.460938 0.048438 0.065625
0 0.525781 0.517188 0.048438 0.065625
0 0.491406 0.542188 0.048438 0.065625
0 0.547656 0.592187 0.048438 0.065625
0 0.511719 0.603125 0.048438 0.065625
0 0.477344 0.623437 0.048438 0.065625
0 0.453906 0.565625 0.048438 0.065625
0 0.441406 0.635938 0.048438 0.065625
0 0.403906 0.650000 0.048438 0.065625
0 0.375781 0.659375 0.048438 0.065625
0 0.975000 0.310156 0.050000 0.051562
0 0.926562 0.160938 0.062500 0.043750
0 0.865625 0.028906 0.062500 0.045312
