1 0.492188 0.768750 0.037500 0.103125
1 0.969531 0.961719 0.032813 0.067187
2 0.691406 0.960156 0.032813 0.073438
0 0.807031 0.959375 0.039062 0.068750
2 0.745313 0.961719 0.034375 0.070312
1 0.738281 0.210938 0.095312 0.043750
1 0.582031 0.964063 0.035937 0.071875
1 0.956250 0.402344 0.078125 0.039062
2 0.638281 0.957031 0.035937 0.079687
1 0.549219 0.764062 0.045312 0.103125
0 0.978125 0.579688 0.043750 0.031250
1 0.955469 0.163281 0.082812 0.042188
1 0.953906 0.109375 0.085938 0.040625
1 0.957031 0.257812 0.082812 0.037500
1 0.647656 0.783594 0.035937 0.082812
1 0.958594 0.304688 0.082812 0.040625
1 0.737500 0.336719 0.096875 0.039062
1 0.785156 0.435937 0.107813 0.046875
1 0.952344 0.021094 0.095312 0.039062
1 0.308594 0.767969 0.051562 0.101562
1 0.353906 0.755469 0.051562 0.139063
1 0.481250 0.958594 0.046875 0.082812
