4 0.299219 0.234375 0.070312 0.156250
1 0.531250 0.704688 0.053125 0.090625
4 0.200781 0.233594 0.060937 0.154688
1 0.174219 0.617969 0.057813 0.120313
1 0.130469 0.607031 0.057813 0.123438
1 0.265625 0.637500 0.059375 0.115625
1 0.364844 0.655469 0.060937 0.117188
1 0.632812 0.714844 0.059375 0.110937
1 0.220312 0.628125 0.053125 0.112500
1 0.583594 0.707031 0.057813 0.107813
1 0.314063 0.645312 0.056250 0.115625
4 0.443750 0.277344 0.068750 0.154688
4 0.532813 0.291406 0.068750 0.154688
4 0.789062 0.322656 0.059375 0.120313
