1 0.026562 0.246875 0.050000 0.071875
3 0.227344 0.988281 0.048438 0.020313
1 0.220312 0.350781 0.053125 0.073438
3 0.589063 0.807813 0.034375 0.046875
3 0.296094 0.887500 0.045312 0.037500
0 0.417969 0.453906 0.051562 0.064062
3 0.278906 0.921094 0.048438 0.039062
3 0.243750 0.972656 0.059375 0.048438
3 0.313281 0.859375 0.045312 0.040625
3 0.566406 0.787500 0.039062 0.053125
3 0.096875 0.407031 0.046875 0.039062
3 0.162500 0.442188 0.050000 0.037500
3 0.157812 0.308594 0.040625 0.054688
1 0.185938 0.332031 0.053125 0.073438
1 0.254688 0.366406 0.053125 0.073438
1 0.295312 0.386719 0.053125 0.073438
1 0.062500 0.266406 0.053125 0.073438
1 0.623437 0.671875 0.103125 0.078125
