3 0.271875 0.733594 0.050000 0.039062
1 0.814844 0.565625 0.148438 0.056250
3 0.201563 0.250781 0.053125 0.029687
3 0.008594 0.123438 0.014063 0.043750
3 0.287500 0.774219 0.059375 0.039062
3 0.196875 0.157031 0.065625 0.035937
1 0.835938 0.614062 0.100000 0.046875
1 0.591406 0.804688 0.045312 0.081250
3 0.318750 0.932031 0.059375 0.039062
3 0.310937 0.983594 0.059375 0.032813
3 0.210938 0.347656 0.050000 0.039062
1 0.639844 0.594531 0.101562 0.051562
1 0.542188 0.807813 0.043750 0.087500
1 0.642969 0.811719 0.051562 0.101562
