1 0.283594 0.608594 0.123438 0.045312
1 0.889062 0.626563 0.053125 0.162500
3 0.187500 0.775781 0.037500 0.070312
1 0.448437 0.604688 0.128125 0.053125
1 0.603125 0.593750 0.118750 0.056250
3 0.321094 0.482031 0.045312 0.054688
3 0.204687 0.485156 0.046875 0.054688
3 0.516406 0.772656 0.045312 0.054688
3 0.257812 0.783594 0.043750 0.070312
3 0.689063 0.462500 0.037500 0.056250
3 0.610938 0.468750 0.040625 0.050000
3 0.767969 0.459375 0.039062 0.059375
3 0.609375 0.870313 0.062500 0.034375
3 0.470313 0.768750 0.046875 0.056250
3 0.619531 0.813281 0.064062 0.054688
3 0.725781 0.459375 0.035937 0.050000
3 0.576562 0.760938 0.053125 0.062500
3 0.166406 0.498437 0.048438 0.053125
3 0.623437 0.920312 0.065625 0.034375
3 0.269531 0.489844 0.051562 0.064062
3 0.645312 0.464844 0.037500 0.051562
