0 0.379688 0.324219 0.034375 0.051562
0 0.421094 0.324219 0.032813 0.051562
3 0.256250 0.342187 0.031250 0.065625
3 0.950000 0.325000 0.031250 0.059375
3 0.878906 0.172656 0.029687 0.057813
3 0.881250 0.322656 0.034375 0.070312
3 0.982031 0.329688 0.029687 0.065625
3 0.916406 0.329688 0.029687 0.062500
3 0.915625 0.171875 0.034375 0.075000
3 0.646875 0.331250 0.031250 0.059375
1 0.337500 0.384375 0.040625 0.078125
1 0.164062 0.382031 0.040625 0.098437
1 0.210938 0.377344 0.040625 0.098437
0 0.262500 0.409375 0.034375 0.053125
