3 0.694531 0.147656 0.042188 0.067187
1 0.310937 0.359375 0.053125 0.078125
3 0.727344 0.158594 0.042188 0.067187
1 0.234375 0.332813 0.046875 0.075000
3 0.317188 0.016406 0.040625 0.029687
1 0.573438 0.448437 0.068750 0.100000
0 0.506250 0.442969 0.046875 0.070312
3 0.567187 0.089063 0.040625 0.071875
3 0.501563 0.068750 0.040625 0.071875
3 0.535937 0.071094 0.034375 0.064062
3 0.600781 0.102344 0.035937 0.057813
3 0.460156 0.058594 0.039062 0.060937
3 0.399219 0.032813 0.042188 0.062500
1 0.438281 0.409375 0.060937 0.078125
2 0.414844 0.500781 0.076563 0.073438
1 0.663281 0.967187 0.057813 0.062500
0 0.596875 0.896094 0.046875 0.070312
0 0.640625 0.897656 0.046875 0.070312
