3 0.064844 0.792188 0.064062 0.040625
3 0.035937 0.742969 0.053125 0.039062
0 0.641406 0.595313 0.051562 0.071875
0 0.621094 0.534375 0.051562 0.071875
0 0.597656 0.489063 0.060937 0.050000
0 0.558594 0.434375 0.051562 0.071875
0 0.582031 0.406250 0.051562 0.071875
0 0.522656 0.376563 0.051562 0.071875
0 0.553906 0.340625 0.051562 0.071875
0 0.497656 0.304688 0.051562 0.071875
0 0.122656 0.353125 0.067187 0.050000
0 0.136719 0.387500 0.067187 0.050000
0 0.147656 0.423438 0.067187 0.050000
0 0.157031 0.457813 0.067187 0.050000
0 0.172656 0.490625 0.067187 0.050000
0 0.188281 0.523438 0.067187 0.050000
0 0.199219 0.556250 0.067187 0.050000
0 0.261719 0.531250 0.067187 0.050000
0 0.249219 0.495312 0.067187 0.050000
0 0.241406 0.462500 0.067187 0.050000
0 0.225781 0.428125 0.067187 0.050000
0 0.280469 0.402344 0.073438 0.048438
1 0.260937 0.139844 0.128125 0.070312
1 0.282813 0.207813 0.100000 0.062500
1 0.303125 0.243750 0.100000 0.062500
1 0.335938 0.318750 0.100000 0.062500
1 0.448437 0.372656 0.078125 0.101562
1 0.454688 0.766406 0.121875 0.085938
1 0.290625 0.729688 0.100000 0.062500
1 0.128906 0.659375 0.082812 0.109375
1 0.797656 0.810937 0.082812 0.109375
1 0.858594 0.823438 0.082812 0.118750
1 0.088281 0.447656 0.085938 0.132812
1 0.040625 0.335156 0.065625 0.098437
1 0.457031 0.622656 0.107813 0.057813
1 0.446094 0.589844 0.107813 0.057813
1 0.433594 0.552344 0.107813 0.057813
1 0.416406 0.519531 0.107813 0.057813
1 0.403906 0.485156 0.107813 0.057813
1 0.375781 0.411719 0.107813 0.057813
1 0.388281 0.447656 0.107813 0.057813
