3 0.779687 0.864062 0.093750 0.043750
3 0.992969 0.885156 0.014063 0.039062
3 0.498437 0.010156 0.025000 0.017188
3 0.284375 0.008594 0.031250 0.014063
3 0.158594 0.080469 0.054688 0.026562
3 0.398438 0.246094 0.031250 0.067187
3 0.320312 0.007031 0.028125 0.010937
3 0.424219 0.015625 0.029687 0.028125
1 0.702344 0.225781 0.039062 0.107813
3 0.957812 0.093750 0.025000 0.053125
3 0.597656 0.022656 0.029687 0.042188
3 0.350000 0.064062 0.028125 0.068750
1 0.866406 0.232813 0.042188 0.106250
3 0.565625 0.012500 0.028125 0.021875
3 0.461719 0.014063 0.029687 0.025000
3 0.161719 0.114844 0.054688 0.029687
3 0.634375 0.022656 0.028125 0.042188
1 0.758594 0.231250 0.039062 0.100000
3 0.557813 0.082812 0.031250 0.075000
3 0.706250 0.025000 0.028125 0.046875
1 0.920312 0.243750 0.040625 0.109375
3 0.390625 0.014844 0.028125 0.026562
3 0.667969 0.025781 0.026562 0.048438
1 0.812500 0.231250 0.043750 0.109375
3 0.167969 0.042188 0.051562 0.031250
3 0.579688 0.263281 0.034375 0.070312
3 0.474219 0.253125 0.032813 0.068750
3 0.628125 0.090625 0.031250 0.071875
3 0.332813 0.242188 0.031250 0.065625
3 0.368750 0.242188 0.028125 0.059375
3 0.159375 0.154688 0.046875 0.031250
3 0.489844 0.082812 0.032813 0.068750
3 0.739844 0.028125 0.029687 0.053125
3 0.812500 0.029687 0.031250 0.056250
3 0.277344 0.063281 0.032813 0.073438
3 0.417969 0.068750 0.029687 0.059375
3 0.435937 0.249219 0.034375 0.073438
3 0.257812 0.241406 0.031250 0.064062
