1 0.410938 0.375781 0.096875 0.042188
3 0.686719 0.985938 0.051562 0.028125
1 0.521875 0.249219 0.093750 0.042188
1 0.516406 0.543750 0.095312 0.043750
1 0.514844 0.373437 0.101562 0.037500
1 0.522656 0.171094 0.095312 0.042188
1 0.414844 0.212500 0.098437 0.034375
1 0.516406 0.336719 0.095312 0.032813
1 0.517188 0.499219 0.106250 0.042188
1 0.508594 0.415625 0.107813 0.043750
1 0.415625 0.169531 0.087500 0.035937
3 0.898438 0.857031 0.043750 0.054688
3 0.927344 0.840625 0.045312 0.059375
1 0.475781 0.453906 0.104688 0.042188
3 0.957031 0.825000 0.048438 0.059375
3 0.978906 0.801562 0.039062 0.053125
3 0.720313 0.978125 0.046875 0.043750
3 0.865625 0.871094 0.040625 0.048438
1 0.400781 0.544531 0.101562 0.045312
1 0.412500 0.251563 0.100000 0.043750
1 0.409375 0.289062 0.100000 0.043750
1 0.521875 0.291406 0.093750 0.042188
1 0.407813 0.499219 0.106250 0.042188
0 0.385937 0.457031 0.065625 0.035937
