3 0.963281 0.015625 0.035937 0.028125
3 0.992188 0.264062 0.015625 0.043750
3 0.150781 0.069531 0.035937 0.054688
3 0.023438 0.017188 0.037500 0.031250
0 0.095312 0.466406 0.056250 0.042188
3 0.989062 0.018750 0.021875 0.034375
3 0.985156 0.305469 0.029687 0.042188
3 0.118750 0.054688 0.040625 0.062500
3 0.948438 0.897656 0.046875 0.054688
3 0.911719 0.954688 0.039062 0.050000
3 0.979688 0.850781 0.040625 0.051562
3 0.361719 0.667188 0.051562 0.037500
3 0.770312 0.017188 0.037500 0.031250
3 0.400000 0.922656 0.062500 0.042188
3 0.797656 0.585938 0.054688 0.040625
3 0.446875 0.839063 0.050000 0.034375
3 0.565625 0.927344 0.046875 0.035937
3 0.459375 0.812500 0.046875 0.034375
3 0.512500 0.696094 0.062500 0.042188
3 0.497656 0.728125 0.057813 0.040625
3 0.592969 0.869531 0.057813 0.042188
3 0.340625 0.692187 0.056250 0.040625
3 0.710938 0.729688 0.059375 0.050000
3 0.738281 0.664844 0.048438 0.042188
3 0.214844 0.970313 0.051562 0.037500
3 0.578125 0.900000 0.059375 0.043750
3 0.289062 0.818750 0.050000 0.037500
3 0.271875 0.849219 0.050000 0.035937
3 0.889844 0.492188 0.048438 0.037500
3 0.385156 0.954688 0.064062 0.046875
3 0.525781 0.980469 0.048438 0.035937
3 0.828125 0.034375 0.037500 0.053125
3 0.816406 0.562500 0.060937 0.053125
3 0.083594 0.049219 0.039062 0.057813
3 0.237500 0.903906 0.056250 0.042188
3 0.949219 0.095312 0.039062 0.056250
3 0.231250 0.938281 0.053125 0.039062
3 0.862500 0.042969 0.040625 0.067187
3 0.895312 0.055469 0.040625 0.060937
3 0.054688 0.032031 0.043750 0.060937
3 0.541406 0.955469 0.048438 0.039062
3 0.465625 0.779687 0.046875 0.034375
3 0.330469 0.732812 0.048438 0.040625
3 0.409375 0.896094 0.062500 0.042188
0 0.107813 0.550781 0.056250 0.042188
0 0.171875 0.578906 0.056250 0.042188
1 0.241406 0.491406 0.101562 0.073438
1 0.216406 0.541406 0.101562 0.073438
2 0.273438 0.407031 0.081250 0.064062
