0 0.959375 0.207031 0.071875 0.051562
2 0.035937 0.985156 0.050000 0.029687
1 0.964844 0.417187 0.070312 0.106250
2 0.128125 0.969531 0.062500 0.060937
1 0.789844 0.150000 0.054688 0.109375
1 0.702344 0.052344 0.082812 0.101562
1 0.867969 0.364844 0.085938 0.114062
1 0.760156 0.924219 0.101562 0.151562
1 0.713281 0.928906 0.089063 0.142187
1 0.635938 0.946094 0.068750 0.107813
1 0.705469 0.528125 0.110937 0.068750
1 0.676562 0.453906 0.112500 0.067187
2 0.214844 0.942969 0.067187 0.085938
1 0.719531 0.562500 0.114062 0.065625
1 0.691406 0.489844 0.107813 0.073438
1 0.662500 0.421094 0.106250 0.070312
1 0.735156 0.601562 0.114062 0.068750
1 0.628125 0.339062 0.106250 0.068750
1 0.643750 0.382812 0.106250 0.065625
0 0.164844 0.736719 0.079687 0.048438
0 0.942187 0.163281 0.071875 0.051562
0 0.918750 0.122656 0.071875 0.051562
0 0.982031 0.097656 0.035937 0.042188
