1 0.924219 0.270313 0.060937 0.037500
1 0.954688 0.100000 0.090625 0.040625
1 0.952344 0.050781 0.095312 0.048438
1 0.952344 0.142187 0.095312 0.037500
3 0.654687 0.322656 0.059375 0.035937
3 0.628906 0.694531 0.054688 0.032813
1 0.740625 0.705469 0.053125 0.132812
3 0.633594 0.553906 0.051562 0.029687
3 0.662500 0.253125 0.053125 0.031250
3 0.635938 0.482812 0.050000 0.028125
4 0.810156 0.339844 0.042188 0.107813
0 0.907031 0.439844 0.054688 0.032813
0 0.910156 0.405469 0.054688 0.032813
0 0.907031 0.374219 0.054688 0.032813
0 0.911719 0.346094 0.054688 0.032813
1 0.919531 0.315625 0.060937 0.037500
