1 0.697656 0.539844 0.070312 0.029687
1 0.010156 0.893750 0.017188 0.087500
1 0.648438 0.866406 0.034375 0.092188
1 0.518750 0.875000 0.034375 0.084375
1 0.337500 0.154688 0.068750 0.031250
1 0.691406 0.414844 0.067187 0.032813
1 0.275781 0.617969 0.035937 0.082812
1 0.693750 0.496094 0.071875 0.029687
1 0.333594 0.197656 0.082812 0.039062
1 0.327344 0.617188 0.035937 0.084375
1 0.606250 0.868750 0.037500 0.090625
1 0.389062 0.875000 0.034375 0.093750
1 0.693750 0.457031 0.075000 0.032813
1 0.563281 0.871094 0.035937 0.092188
1 0.046875 0.889062 0.037500 0.090625
1 0.305469 0.879687 0.039062 0.090625
1 0.132031 0.885938 0.035937 0.087500
1 0.089063 0.885938 0.034375 0.087500
1 0.175000 0.882812 0.037500 0.090625
1 0.371094 0.603906 0.035937 0.107813
1 0.421875 0.579688 0.043750 0.153125
1 0.219531 0.882812 0.035937 0.093750
1 0.694531 0.577344 0.073438 0.035937
1 0.627344 0.323437 0.035937 0.100000
0 0.682031 0.214844 0.076563 0.032813
0 0.680469 0.246094 0.076563 0.032813
0 0.344531 0.120313 0.057813 0.028125
0 0.340625 0.083594 0.056250 0.032813
0 0.335938 0.017969 0.056250 0.032813
1 0.336719 0.238281 0.082812 0.039062
1 0.333594 0.278906 0.082812 0.039062
