0 0.164844 0.691406 0.054688 0.029687
3 0.932031 0.082031 0.023438 0.048438
0 0.168750 0.725781 0.053125 0.026562
3 0.992969 0.080469 0.014063 0.051562
0 0.145313 0.025000 0.031250 0.046875
3 0.899219 0.086719 0.026562 0.051562
3 0.966406 0.080469 0.023438 0.048438
0 0.059375 0.270313 0.065625 0.037500
0 0.059375 0.195312 0.065625 0.037500
0 0.053125 0.157812 0.065625 0.037500
0 0.053125 0.117188 0.065625 0.037500
0 0.050000 0.031250 0.065625 0.037500
0 0.164844 0.655469 0.067187 0.035937
0 0.163281 0.622656 0.067187 0.035937
1 0.395313 0.667969 0.103125 0.048438
1 0.217188 0.484375 0.046875 0.075000
1 0.293750 0.478125 0.046875 0.075000
1 0.322656 0.105469 0.079687 0.042188
