2 0.246875 0.582031 0.143750 0.260937
3 0.985938 0.564844 0.028125 0.101562
1 0.907031 0.325000 0.079687 0.118750
1 0.968750 0.307812 0.062500 0.143750
1 0.714844 0.400781 0.079687 0.120313
1 0.844531 0.057031 0.057813 0.110937
1 0.254688 0.022656 0.121875 0.042188
1 0.796094 0.072656 0.054688 0.123438
1 0.940625 0.317969 0.084375 0.135937
1 0.825000 0.353125 0.078125 0.109375
1 0.750781 0.080469 0.057813 0.129688
1 0.283594 0.087500 0.110937 0.068750
1 0.867969 0.337500 0.076563 0.115625
1 0.618750 0.429688 0.068750 0.109375
1 0.708594 0.092969 0.057813 0.142187
1 0.609375 0.142969 0.068750 0.142187
1 0.296094 0.118750 0.114062 0.065625
1 0.669531 0.414062 0.076563 0.115625
1 0.268750 0.046094 0.112500 0.070312
1 0.313281 0.157812 0.114062 0.071875
1 0.658594 0.117188 0.060937 0.143750
3 0.840625 0.653906 0.096875 0.154688
1 0.321094 0.552344 0.145313 0.260937
1 0.360156 0.525000 0.139063 0.262500
