1 0.030469 0.489844 0.057813 0.142187
1 0.038281 0.131250 0.067187 0.143750
1 0.958594 0.430469 0.082812 0.142187
1 0.051562 0.471875 0.087500 0.140625
2 0.446094 0.448437 0.051562 0.078125
2 0.364063 0.477344 0.059375 0.076563
2 0.534375 0.411719 0.059375 0.082812
0 0.489063 0.203906 0.081250 0.051562
0 0.206250 0.171875 0.065625 0.056250
0 0.205469 0.016406 0.070312 0.029687
0 0.156250 0.067187 0.065625 0.056250
0 0.171875 0.098437 0.065625 0.056250
0 0.190625 0.131250 0.065625 0.056250
0 0.225000 0.032813 0.065625 0.056250
0 0.232813 0.073438 0.065625 0.056250
0 0.256250 0.101562 0.065625 0.056250
0 0.268750 0.142187 0.065625 0.056250
