1 0.782031 0.014844 0.079687 0.026562
3 0.320312 0.063281 0.043750 0.060937
0 0.228125 0.022656 0.046875 0.042188
1 0.254688 0.290625 0.062500 0.084375
3 0.874219 0.507031 0.048438 0.039062
3 0.992969 0.217188 0.014063 0.037500
3 0.642969 0.635938 0.057813 0.043750
0 0.257031 0.029687 0.039062 0.056250
3 0.862500 0.534375 0.050000 0.040625
3 0.078125 0.102344 0.040625 0.060937
3 0.660937 0.612500 0.053125 0.040625
3 0.131250 0.372656 0.037500 0.045312
3 0.171875 0.147656 0.040625 0.057813
3 0.108594 0.117969 0.042188 0.057813
3 0.050000 0.087500 0.043750 0.059375
3 0.979688 0.314063 0.040625 0.037500
3 0.137500 0.132812 0.040625 0.056250
3 0.923438 0.424219 0.062500 0.042188
3 0.739844 0.471094 0.048438 0.035937
3 0.984375 0.609375 0.031250 0.040625
3 0.883594 0.167969 0.051562 0.039062
3 0.971094 0.341406 0.054688 0.039062
3 0.864844 0.194531 0.057813 0.042188
3 0.795312 0.350000 0.053125 0.037500
3 0.811719 0.319531 0.051562 0.039062
3 0.977344 0.640625 0.045312 0.040625
3 0.910156 0.456250 0.064062 0.046875
3 0.755469 0.441406 0.054688 0.039062
3 0.627344 0.678906 0.051562 0.039062
3 0.983594 0.284375 0.032813 0.040625
3 0.760938 0.404687 0.056250 0.043750
3 0.707031 0.594531 0.057813 0.048438
3 0.118750 0.411719 0.053125 0.064062
3 0.853906 0.234375 0.048438 0.040625
1 0.256250 0.387500 0.062500 0.084375
1 0.739844 0.039844 0.114062 0.076563
0 0.632812 0.051562 0.056250 0.053125
0 0.692187 0.079687 0.056250 0.053125
3 0.937500 0.394531 0.062500 0.042188
3 0.917969 0.703125 0.132812 0.090625
