1 0.348438 0.325781 0.075000 0.035937
0 0.733594 0.697656 0.032813 0.060937
0 0.511719 0.047656 0.057813 0.029687
0 0.769531 0.697656 0.032813 0.060937
1 0.205469 0.317188 0.092188 0.034375
0 0.513281 0.016406 0.057813 0.029687
0 0.353906 0.016406 0.057813 0.029687
0 0.510156 0.084375 0.057813 0.028125
1 0.059375 0.313281 0.075000 0.035937
1 0.646094 0.911719 0.035937 0.073438
1 0.689844 0.908594 0.035937 0.073438
1 0.727344 0.911719 0.035937 0.073438
1 0.767969 0.911719 0.035937 0.073438
1 0.810156 0.913281 0.035937 0.073438
1 0.847656 0.910156 0.035937 0.073438
1 0.899219 0.910156 0.035937 0.073438
1 0.939844 0.916406 0.035937 0.073438
1 0.977344 0.916406 0.035937 0.073438
