1 0.882812 0.607812 0.059375 0.106250
1 0.942187 0.628906 0.059375 0.107813
3 0.050000 0.668750 0.075000 0.053125
3 0.039062 0.700000 0.075000 0.053125
3 0.085156 0.539062 0.076563 0.071875
3 0.023438 0.360156 0.043750 0.070312
3 0.060937 0.395313 0.046875 0.071875
3 0.098437 0.414062 0.043750 0.075000
3 0.123438 0.435937 0.043750 0.075000
3 0.171875 0.448437 0.043750 0.075000
3 0.240625 0.489063 0.043750 0.075000
3 0.173437 0.740625 0.043750 0.068750
3 0.239063 0.682031 0.059375 0.051562
3 0.264062 0.607812 0.056250 0.046875
3 0.225781 0.364063 0.092188 0.068750
3 0.077344 0.591406 0.073438 0.054688
3 0.128906 0.626563 0.051562 0.075000
3 0.207813 0.464062 0.043750 0.075000
3 0.123438 0.753125 0.037500 0.090625
3 0.079687 0.771875 0.037500 0.090625
3 0.029687 0.789844 0.056250 0.082812
1 0.748437 0.394531 0.112500 0.054688
1 0.842187 0.297656 0.112500 0.054688
