1 0.775781 0.738281 0.110937 0.067187
1 0.776563 0.735938 0.109375 0.068750
1 0.808594 0.592187 0.114062 0.068750
1 0.792969 0.666406 0.114062 0.070312
1 0.793750 0.664062 0.115625 0.071875
1 0.755469 0.816406 0.117188 0.070312
1 0.722656 0.954688 0.129688 0.056250
1 0.856250 0.974219 0.168750 0.051562
1 0.946875 0.472656 0.106250 0.079687
1 0.929688 0.696094 0.140625 0.101562
1 0.896875 0.850000 0.165625 0.084375
1 0.921094 0.766406 0.142187 0.089063
1 0.803125 0.508594 0.156250 0.082812
1 0.937500 0.548438 0.125000 0.090625
1 0.933594 0.621875 0.132812 0.087500
1 0.892188 0.917969 0.153125 0.085938
