1 0.219531 0.075000 0.067187 0.115625
1 0.514062 0.123438 0.065625 0.115625
1 0.560156 0.135938 0.067187 0.115625
1 0.617188 0.148438 0.065625 0.115625
1 0.678125 0.160938 0.065625 0.115625
1 0.735156 0.167188 0.067187 0.115625
1 0.791406 0.173438 0.067187 0.115625
1 0.854688 0.182813 0.065625 0.115625
1 0.901563 0.192188 0.065625 0.115625
1 0.929688 0.048438 0.065625 0.090625
1 0.278906 0.085938 0.067187 0.115625
1 0.342188 0.095313 0.065625 0.115625
1 0.391406 0.110938 0.067187 0.115625
1 0.457031 0.125000 0.067187 0.115625
1 0.932813 0.050781 0.065625 0.092188
1 0.819531 0.042188 0.064063 0.078125
1 0.873438 0.048438 0.065625 0.090625
1 0.653906 0.018750 0.054688 0.034375
1 0.710938 0.028906 0.059375 0.051563
1 0.767188 0.032813 0.062500 0.059375
