1 0.309375 0.345313 0.053125 0.084375
1 0.539844 0.463281 0.064062 0.117188
1 0.662500 0.321875 0.053125 0.084375
1 0.593750 0.331250 0.053125 0.084375
1 0.521875 0.335938 0.053125 0.084375
1 0.440625 0.348438 0.053125 0.084375
1 0.397656 0.482031 0.060937 0.114062
1 0.382812 0.343750 0.053125 0.084375
1 0.457813 0.451562 0.053125 0.084375
1 0.464062 0.562500 0.053125 0.084375
1 0.340625 0.550000 0.053125 0.084375
1 0.323437 0.453125 0.053125 0.084375
1 0.671094 0.467969 0.064062 0.117188
1 0.602344 0.463281 0.064062 0.117188
