1 0.837500 0.623437 0.087500 0.090625
1 0.807813 0.656250 0.087500 0.090625
1 0.739062 0.728125 0.087500 0.090625
1 0.698438 0.751563 0.087500 0.090625
1 0.670312 0.792188 0.087500 0.090625
1 0.632812 0.810937 0.087500 0.090625
1 0.598437 0.840625 0.087500 0.090625
1 0.565625 0.873437 0.087500 0.090625
1 0.525000 0.909375 0.087500 0.090625
1 0.488281 0.939063 0.082812 0.087500
1 0.450000 0.960156 0.081250 0.076563
1 0.775000 0.685937 0.087500 0.090625
1 0.959375 0.966406 0.075000 0.064062
1 0.917969 0.976562 0.067187 0.046875
1 0.401562 0.975781 0.071875 0.048438
