2 0.624219 0.600000 0.054688 0.118750
0 0.433594 0.889844 0.057813 0.107813
2 0.702344 0.596875 0.054688 0.118750
2 0.539844 0.245312 0.054688 0.118750
2 0.600781 0.242188 0.054688 0.118750
2 0.661719 0.245312 0.054688 0.118750
2 0.710156 0.248438 0.054688 0.118750
2 0.766406 0.254688 0.054688 0.118750
2 0.825781 0.259375 0.054688 0.118750
2 0.882031 0.250000 0.054688 0.118750
2 0.933594 0.253125 0.054688 0.118750
0 0.688281 0.899219 0.057813 0.107813
0 0.621094 0.903906 0.057813 0.107813
0 0.503906 0.891406 0.057813 0.107813
0 0.802344 0.899219 0.057813 0.107813
