3 0.461719 0.975000 0.076563 0.050000
3 0.013281 0.967969 0.023438 0.064062
0 0.342187 0.857812 0.065625 0.078125
3 0.114844 0.486719 0.082812 0.082812
0 0.317969 0.793750 0.073438 0.075000
3 0.503125 0.899219 0.081250 0.073438
3 0.119531 0.804688 0.073438 0.075000
3 0.058594 0.892969 0.079687 0.082812
3 0.439844 0.950781 0.076563 0.076563
3 0.553125 0.938281 0.075000 0.073438
3 0.442969 0.823438 0.064062 0.068750
3 0.026562 0.917188 0.050000 0.087500
3 0.084375 0.846875 0.078125 0.075000
3 0.425781 0.292969 0.079687 0.076563
3 0.588281 0.967969 0.079687 0.064062
3 0.475000 0.856250 0.071875 0.068750
0 0.255469 0.972656 0.073438 0.054688
0 0.367188 0.884375 0.065625 0.078125
