1 0.504687 0.450781 0.068750 0.139063
1 0.668750 0.078125 0.078125 0.121875
0 0.724219 0.035156 0.048438 0.057813
0 0.800000 0.032031 0.046875 0.060937
0 0.868750 0.017188 0.050000 0.031250
1 0.268750 0.572656 0.093750 0.123438
1 0.177344 0.603125 0.076563 0.131250
0 0.346094 0.572656 0.060937 0.092188
2 0.520312 0.567969 0.115625 0.070312
2 0.292969 0.792188 0.110937 0.075000
2 0.283594 0.902344 0.089063 0.132812
2 0.342969 0.888281 0.089063 0.132812
2 0.396094 0.872656 0.089063 0.132812
0 0.080469 0.610938 0.060937 0.078125
1 0.149219 0.638281 0.098437 0.145313
