3 0.512500 0.880469 0.050000 0.079687
3 0.145313 0.975000 0.071875 0.043750
1 0.025000 0.957812 0.046875 0.065625
3 0.972656 0.048438 0.051562 0.081250
3 0.681250 0.892188 0.050000 0.093750
3 0.562500 0.868750 0.043750 0.081250
3 0.457813 0.882031 0.043750 0.076563
3 0.751563 0.911719 0.056250 0.089063
3 0.827344 0.026562 0.057813 0.050000
3 0.883594 0.035156 0.054688 0.067187
3 0.925781 0.035156 0.057813 0.067187
3 0.621875 0.874219 0.050000 0.089063
3 0.241406 0.946094 0.085938 0.054688
3 0.820312 0.938281 0.056250 0.089063
3 0.297656 0.707031 0.045312 0.085938
