1 0.704327 0.667067 0.274038 0.367788
1 0.632212 0.710337 0.269231 0.362981
1 0.561298 0.765625 0.271635 0.367788
1 0.484375 0.816106 0.262019 0.362981
1 0.406250 0.841346 0.240385 0.312500
1 0.306490 0.865385 0.209135 0.264423
1 0.215144 0.891827 0.180288 0.211538
1 0.132212 0.915865 0.153846 0.163462
1 0.043269 0.962740 0.086538 0.069712
1 0.587740 0.092548 0.112981 0.141827
1 0.521635 0.145433 0.120192 0.146635
1 0.375000 0.245192 0.120192 0.149038
1 0.289663 0.316106 0.112981 0.151442
1 0.215144 0.353365 0.127404 0.144231
