1 0.059375 0.735156 0.115625 0.076563
1 0.034375 0.118750 0.065625 0.087500
1 0.609375 0.174219 0.084375 0.142187
1 0.817187 0.211719 0.078125 0.120313
1 0.721875 0.196094 0.081250 0.120313
1 0.135937 0.341406 0.153125 0.095312
1 0.156250 0.139844 0.159375 0.085938
1 0.130469 0.227344 0.170313 0.082812
1 0.062500 0.662500 0.121875 0.084375
1 0.107813 0.425000 0.165625 0.075000
1 0.579688 0.311719 0.087500 0.170313
1 0.092188 0.501563 0.162500 0.090625
1 0.774219 0.357812 0.101562 0.168750
1 0.860156 0.370312 0.098437 0.165625
1 0.676562 0.341406 0.093750 0.157812
1 0.025000 0.211719 0.046875 0.070312
