3 0.263281 0.979688 0.085938 0.040625
3 0.435937 0.348438 0.056250 0.090625
3 0.815625 0.073438 0.062500 0.084375
3 0.871094 0.078906 0.060937 0.085938
3 0.987500 0.392188 0.025000 0.096875
3 0.764844 0.035156 0.070312 0.067187
3 0.364063 0.078906 0.087500 0.051562
3 0.264844 0.840625 0.092188 0.043750
3 0.675781 0.022656 0.054688 0.042188
3 0.864062 0.322656 0.050000 0.085938
3 0.267188 0.801562 0.090625 0.046875
3 0.292187 0.224219 0.087500 0.051562
3 0.264844 0.889062 0.085938 0.050000
3 0.273438 0.437500 0.084375 0.040625
3 0.803125 0.297656 0.065625 0.095312
3 0.276562 0.328125 0.084375 0.046875
3 0.301563 0.177344 0.096875 0.060937
3 0.280469 0.382812 0.089063 0.046875
3 0.335938 0.132031 0.093750 0.060937
3 0.957812 0.360156 0.059375 0.098437
3 0.279687 0.282031 0.084375 0.051562
3 0.264844 0.750781 0.095312 0.051562
3 0.266406 0.700000 0.092188 0.053125
3 0.379688 0.031250 0.106250 0.059375
3 0.269531 0.541406 0.095312 0.048438
3 0.268750 0.485156 0.093750 0.054688
3 0.265625 0.601562 0.093750 0.056250
3 0.513281 0.217969 0.092188 0.060937
3 0.271875 0.650000 0.093750 0.056250
