1 0.502344 0.588281 0.042188 0.082812
1 0.984375 0.883594 0.031250 0.132812
1 0.974219 0.241406 0.051562 0.045312
3 0.662500 0.572656 0.043750 0.079687
3 0.611719 0.579688 0.045312 0.087500
1 0.975000 0.303125 0.050000 0.053125
3 0.735938 0.722656 0.090625 0.048438
3 0.173437 0.642969 0.043750 0.092188
3 0.839063 0.551562 0.046875 0.090625
3 0.309375 0.620313 0.050000 0.087500
3 0.960938 0.571094 0.053125 0.104688
1 0.978906 0.363281 0.042188 0.048438
1 0.400781 0.607031 0.045312 0.095312
1 0.558594 0.583594 0.045312 0.101562
