3 0.167969 0.035937 0.092188 0.056250
3 0.021875 0.500781 0.037500 0.089063
3 0.039844 0.763281 0.039062 0.076563
3 0.375781 0.357812 0.079687 0.046875
3 0.207813 0.664844 0.093750 0.051562
3 0.392188 0.646875 0.081250 0.046875
3 0.381250 0.471094 0.090625 0.045312
3 0.017188 0.391406 0.031250 0.079687
3 0.182812 0.153125 0.090625 0.053125
3 0.188281 0.274219 0.092188 0.045312
3 0.355469 0.075781 0.092188 0.054688
3 0.209375 0.718750 0.090625 0.050000
3 0.142187 0.955469 0.046875 0.082812
3 0.185156 0.210938 0.092188 0.053125
3 0.382031 0.535156 0.082812 0.048438
3 0.110937 0.414844 0.046875 0.082812
3 0.376563 0.419531 0.090625 0.051562
3 0.192188 0.439063 0.090625 0.053125
3 0.189062 0.323437 0.093750 0.046875
3 0.183594 0.381250 0.092188 0.050000
3 0.196094 0.495312 0.082812 0.050000
3 0.203125 0.550781 0.093750 0.051562
3 0.410156 0.980469 0.082812 0.039062
3 0.356250 0.018750 0.084375 0.034375
