0 0.366406 0.646094 0.070312 0.079687
3 0.286719 0.373437 0.076563 0.084375
3 0.438281 0.980469 0.057813 0.039062
3 0.109375 0.028125 0.078125 0.053125
3 0.277344 0.777344 0.073438 0.076563
3 0.487500 0.954688 0.071875 0.075000
3 0.508594 0.925000 0.073438 0.078125
3 0.339062 0.954688 0.075000 0.090625
3 0.545312 0.889062 0.075000 0.081250
3 0.252344 0.336719 0.082812 0.082812
3 0.442969 0.266406 0.082812 0.082812
3 0.069531 0.135156 0.082812 0.082812
3 0.130469 0.072656 0.082812 0.082812
0 0.035156 0.604688 0.048438 0.106250
0 0.023438 0.710156 0.043750 0.092188
