3 0.522656 0.945312 0.057813 0.084375
3 0.845313 0.984375 0.059375 0.031250
3 0.882812 0.896094 0.068750 0.051562
3 0.669531 0.108594 0.082812 0.151562
3 0.889844 0.988281 0.051562 0.023438
3 0.812500 0.753906 0.043750 0.085938
2 0.952344 0.782031 0.051562 0.089063
3 0.306250 0.395313 0.081250 0.050000
3 0.760156 0.750000 0.051562 0.096875
3 0.796094 0.976562 0.057813 0.046875
3 0.446094 0.589844 0.051562 0.095312
3 0.560937 0.952344 0.053125 0.079687
2 0.907813 0.783594 0.046875 0.095312
3 0.964844 0.917188 0.070312 0.059375
3 0.746094 0.971875 0.054688 0.056250
3 0.698438 0.971094 0.056250 0.057813
3 0.603906 0.960156 0.051562 0.079687
3 0.654687 0.964063 0.043750 0.071875
3 0.678125 0.859375 0.090625 0.062500
3 0.782813 0.877344 0.090625 0.054688
3 0.215625 0.371875 0.081250 0.050000
3 0.397656 0.421094 0.095312 0.060937
3 0.714844 0.746875 0.051562 0.096875
3 0.496094 0.710156 0.054688 0.082812
