2 0.373438 0.885938 0.075000 0.115625
2 0.955469 0.154688 0.089063 0.065625
2 0.971875 0.242188 0.056250 0.068750
2 0.965625 0.310156 0.068750 0.073438
2 0.956250 0.400781 0.087500 0.070312
2 0.801563 0.164062 0.106250 0.084375
2 0.809375 0.035156 0.128125 0.064063
2 0.631250 0.260937 0.131250 0.096875
2 0.742188 0.245313 0.125000 0.081250
2 0.622656 0.323438 0.104688 0.078125
2 0.532813 0.867188 0.075000 0.115625
2 0.653906 0.842188 0.073438 0.115625
2 0.726562 0.817188 0.065625 0.100000
2 0.917188 0.504688 0.112500 0.084375
2 0.341406 0.146875 0.073438 0.115625
2 0.895313 0.092188 0.106250 0.084375
2 0.978125 0.089063 0.043750 0.059375
2 0.925781 0.032031 0.114063 0.057813
