3 0.227344 0.971875 0.095312 0.053125
1 0.195312 0.085938 0.090625 0.053125
1 0.189062 0.182812 0.100000 0.053125
3 0.414062 0.353125 0.068750 0.050000
1 0.175781 0.232031 0.095312 0.054688
3 0.074219 0.731250 0.092188 0.065625
3 0.425781 0.292187 0.070312 0.056250
3 0.387500 0.487500 0.068750 0.050000
3 0.353125 0.585156 0.084375 0.051562
3 0.372656 0.535156 0.073438 0.045312
3 0.298438 0.787500 0.106250 0.053125
3 0.329688 0.985156 0.093750 0.029687
3 0.040625 0.953906 0.078125 0.045312
3 0.119531 0.540625 0.098437 0.065625
3 0.130469 0.483594 0.092188 0.057813
3 0.300000 0.740625 0.078125 0.059375
