3 0.983594 0.089844 0.032813 0.057813
3 0.893750 0.514844 0.081250 0.042188
3 0.666406 0.592187 0.098437 0.050000
3 0.649219 0.746094 0.079687 0.045312
3 0.655469 0.691406 0.085938 0.051562
3 0.900000 0.459375 0.090625 0.056250
3 0.853125 0.771094 0.084375 0.045312
3 0.882812 0.610156 0.081250 0.054688
3 0.864844 0.661719 0.082812 0.048438
3 0.850000 0.715625 0.087500 0.053125
3 0.667969 0.510938 0.098437 0.050000
3 0.653125 0.467187 0.081250 0.043750
3 0.477344 0.578906 0.060937 0.089063
3 0.602344 0.590625 0.042188 0.087500
