3 0.504687 0.568750 0.084375 0.065625
2 0.761719 0.622656 0.085938 0.060937
3 0.580469 0.185156 0.079687 0.045312
3 0.579688 0.239063 0.078125 0.050000
3 0.822656 0.101562 0.082812 0.050000
3 0.812500 0.151562 0.087500 0.050000
3 0.572656 0.292187 0.076563 0.043750
3 0.545312 0.373437 0.081250 0.050000
1 0.466406 0.950781 0.164062 0.073438
1 0.492969 0.804688 0.176563 0.084375
3 0.605469 0.093750 0.101562 0.065625
3 0.586719 0.145313 0.095312 0.059375
1 0.480469 0.883594 0.170313 0.085938
3 0.492188 0.628125 0.081250 0.050000
3 0.779687 0.428906 0.081250 0.054688
2 0.764062 0.559375 0.100000 0.059375
3 0.514844 0.517188 0.095312 0.059375
3 0.522656 0.467187 0.095312 0.059375
