3 0.796094 0.689844 0.048438 0.092188
3 0.911719 0.353125 0.035937 0.071875
3 0.775000 0.410156 0.040625 0.085938
3 0.394531 0.637500 0.060937 0.209375
3 0.904687 0.246094 0.040625 0.089063
3 0.837500 0.496094 0.040625 0.095312
3 0.925000 0.844531 0.040625 0.089063
3 0.830469 0.373437 0.042188 0.093750
3 0.831250 0.253906 0.040625 0.092188
3 0.752344 0.243750 0.045312 0.090625
3 0.861719 0.633594 0.048438 0.092188
3 0.925781 0.694531 0.048438 0.092188
3 0.328906 0.727344 0.048438 0.092188
3 0.194531 0.676562 0.070312 0.184375
3 0.918750 0.503906 0.034375 0.089063
