1 0.035938 0.187500 0.053125 0.118750
1 0.370313 0.087500 0.137500 0.046875
1 0.295313 0.192188 0.053125 0.118750
1 0.250000 0.189063 0.053125 0.118750
1 0.189063 0.193750 0.053125 0.118750
1 0.864063 0.178125 0.053125 0.118750
1 0.914062 0.181250 0.053125 0.118750
1 0.467188 0.192188 0.053125 0.118750
1 0.354688 0.192188 0.053125 0.118750
1 0.809375 0.173438 0.053125 0.118750
1 0.410938 0.195312 0.053125 0.118750
1 0.690625 0.171875 0.053125 0.118750
1 0.628125 0.181250 0.053125 0.118750
1 0.142187 0.192188 0.053125 0.118750
