3 0.522656 0.908594 0.048438 0.092188
3 0.290625 0.667969 0.084375 0.067187
3 0.636719 0.855469 0.048438 0.082812
3 0.377344 0.777344 0.092188 0.042188
3 0.880469 0.646094 0.089063 0.051562
3 0.060156 0.984375 0.095312 0.031250
3 0.721875 0.839844 0.084375 0.067187
3 0.373437 0.950781 0.043750 0.079687
3 0.277344 0.728906 0.085938 0.064062
3 0.085156 0.914844 0.082812 0.064062
3 0.110937 0.867969 0.084375 0.067187
3 0.264844 0.773438 0.082812 0.062500
3 0.422656 0.651563 0.057813 0.096875
3 0.428125 0.915625 0.040625 0.081250
3 0.821875 0.805469 0.087500 0.057813
3 0.210156 0.907813 0.082812 0.053125
3 0.317188 0.967187 0.043750 0.065625
3 0.478906 0.911719 0.039062 0.082812
3 0.164844 0.717969 0.085938 0.064062
3 0.143750 0.771875 0.087500 0.065625
3 0.185156 0.677344 0.082812 0.060937
3 0.234375 0.860938 0.087500 0.059375
3 0.199219 0.632031 0.085938 0.057813
3 0.192188 0.952344 0.084375 0.067187
3 0.580469 0.878125 0.054688 0.100000
3 0.889844 0.592969 0.089063 0.051562
3 0.911719 0.535156 0.089063 0.051562
