1 0.030469 0.910937 0.057813 0.115625
1 0.033594 0.914062 0.057813 0.115625
1 0.357031 0.868750 0.057813 0.115625
1 0.261719 0.887500 0.057813 0.115625
1 0.119531 0.898438 0.057813 0.115625
1 0.821094 0.853125 0.057813 0.115625
1 0.286719 0.320312 0.057813 0.115625
1 0.044531 0.717187 0.057813 0.115625
1 0.328906 0.320312 0.057813 0.115625
1 0.380469 0.318750 0.057813 0.115625
1 0.427344 0.318750 0.057813 0.115625
1 0.469531 0.323437 0.057813 0.115625
1 0.524219 0.326562 0.057813 0.115625
1 0.563281 0.325000 0.057813 0.115625
1 0.607031 0.323437 0.057813 0.115625
1 0.657031 0.323437 0.057813 0.115625
1 0.711719 0.320312 0.057813 0.115625
1 0.349219 0.710938 0.057813 0.115625
1 0.402344 0.706250 0.057813 0.115625
1 0.461719 0.706250 0.057813 0.115625
1 0.513281 0.712500 0.057813 0.115625
1 0.560156 0.712500 0.057813 0.115625
1 0.610156 0.653906 0.057813 0.198437
1 0.661719 0.679688 0.057813 0.115625
1 0.708594 0.681250 0.057813 0.115625
1 0.750781 0.670312 0.057813 0.115625
1 0.813281 0.659375 0.057813 0.115625
1 0.099219 0.715625 0.057813 0.115625
1 0.174219 0.712500 0.057813 0.115625
1 0.217969 0.712500 0.057813 0.115625
1 0.257031 0.707812 0.057813 0.115625
1 0.307031 0.709375 0.057813 0.115625
