3 0.307031 0.340625 0.095312 0.053125
3 0.339062 0.823438 0.087500 0.059375
3 0.311719 0.449219 0.076563 0.054688
3 0.310937 0.289062 0.081250 0.059375
3 0.627344 0.982812 0.082812 0.034375
3 0.339844 0.664844 0.085938 0.057813
3 0.659375 0.853906 0.081250 0.060937
3 0.340625 0.772656 0.084375 0.060937
3 0.564844 0.821875 0.089063 0.065625
3 0.320312 0.239063 0.081250 0.062500
3 0.768750 0.851562 0.078125 0.056250
3 0.320312 0.403906 0.081250 0.064062
3 0.533594 0.401562 0.079687 0.056250
3 0.338281 0.978125 0.085938 0.043750
3 0.592187 0.730469 0.084375 0.067187
3 0.521875 0.446875 0.078125 0.056250
3 0.338281 0.878125 0.079687 0.062500
3 0.338281 0.623437 0.073438 0.056250
3 0.546094 0.358594 0.079687 0.054688
3 0.677344 0.807813 0.089063 0.065625
3 0.535156 0.911719 0.085938 0.060937
3 0.523438 0.957812 0.087500 0.065625
3 0.757031 0.896875 0.085938 0.062500
3 0.325781 0.510156 0.073438 0.067187
3 0.591406 0.250781 0.082812 0.073438
3 0.728125 0.975781 0.090625 0.048438
3 0.332031 0.934375 0.085938 0.075000
3 0.321094 0.564844 0.082812 0.067187
3 0.646094 0.906250 0.082812 0.062500
3 0.553906 0.314844 0.082812 0.067187
3 0.744531 0.939844 0.089063 0.060937
3 0.553906 0.862500 0.089063 0.065625
3 0.575781 0.775781 0.089063 0.067187
3 0.686719 0.760156 0.089063 0.067187
3 0.782031 0.796094 0.089063 0.067187
3 0.343750 0.727344 0.084375 0.060937
3 0.613281 0.468750 0.085938 0.062500
3 0.622656 0.426563 0.085938 0.062500
3 0.641406 0.381250 0.085938 0.062500
3 0.661719 0.340625 0.085938 0.062500
3 0.734375 0.265625 0.068750 0.096875
3 0.784375 0.293750 0.062500 0.093750
