1 0.482812 0.702344 0.068750 0.123438
1 0.906250 0.617188 0.056250 0.121875
1 0.482812 0.701562 0.068750 0.125000
1 0.967969 0.614062 0.057813 0.125000
1 0.228906 0.742969 0.060937 0.135937
1 0.307812 0.719531 0.065625 0.126562
1 0.969531 0.757812 0.054688 0.156250
1 0.164062 0.739844 0.075000 0.129688
1 0.342187 0.860156 0.090625 0.176563
1 0.846094 0.776563 0.067187 0.165625
1 0.828906 0.626563 0.060937 0.106250
1 0.253125 0.864062 0.084375 0.171875
1 0.182031 0.882031 0.085938 0.173437
1 0.564844 0.676562 0.067187 0.112500
1 0.910937 0.762500 0.062500 0.162500
1 0.703906 0.645312 0.057813 0.100000
1 0.512500 0.850000 0.081250 0.178125
1 0.642188 0.654687 0.059375 0.106250
1 0.590625 0.825781 0.068750 0.167187
1 0.658594 0.811719 0.073438 0.164062
