2 0.595313 0.250781 0.053125 0.107813
2 0.171875 0.350781 0.053125 0.107813
2 0.353125 0.235156 0.053125 0.107813
2 0.293750 0.233594 0.053125 0.107813
2 0.235937 0.232031 0.053125 0.107813
2 0.182812 0.228906 0.053125 0.107813
2 0.114062 0.349219 0.053125 0.107813
2 0.115625 0.219531 0.053125 0.107813
2 0.045312 0.346094 0.053125 0.107813
2 0.050000 0.232031 0.053125 0.107813
2 0.465625 0.844531 0.053125 0.107813
2 0.342187 0.358594 0.053125 0.107813
2 0.281250 0.355469 0.053125 0.107813
2 0.225000 0.353906 0.053125 0.107813
