3 0.135937 0.601562 0.084375 0.043750
3 0.417187 0.026562 0.056250 0.050000
3 0.332813 0.428125 0.078125 0.043750
3 0.136719 0.548438 0.089063 0.046875
3 0.135156 0.384375 0.082812 0.046875
3 0.131250 0.340625 0.081250 0.046875
3 0.307031 0.032031 0.048438 0.060937
3 0.538281 0.453906 0.092188 0.054688
3 0.585938 0.121094 0.093750 0.054688
3 0.360156 0.021094 0.048438 0.039062
3 0.344531 0.533594 0.089063 0.051562
3 0.718750 0.493750 0.103125 0.056250
3 0.122656 0.501563 0.089063 0.046875
3 0.141406 0.442188 0.089063 0.046875
3 0.128125 0.226562 0.081250 0.046875
3 0.135937 0.128125 0.081250 0.046875
3 0.315625 0.241406 0.100000 0.064062
3 0.311719 0.322656 0.095312 0.051562
3 0.339844 0.480469 0.095312 0.051562
3 0.544531 0.397656 0.092188 0.054688
3 0.553906 0.261719 0.092188 0.054688
3 0.552344 0.660937 0.117188 0.059375
