1 0.157813 0.364063 0.118750 0.056250
1 0.045313 0.672656 0.087500 0.057813
1 0.066406 0.709375 0.107813 0.068750
1 0.082813 0.748438 0.109375 0.075000
1 0.106250 0.785938 0.109375 0.065625
1 0.120313 0.820312 0.103125 0.071875
1 0.135938 0.860938 0.106250 0.068750
1 0.160938 0.907813 0.106250 0.068750
1 0.175781 0.947656 0.101562 0.067187
1 0.045313 0.389063 0.078125 0.059375
1 0.072656 0.432813 0.095313 0.059375
1 0.082031 0.495313 0.101562 0.062500
1 0.092188 0.529687 0.109375 0.068750
1 0.154688 0.632812 0.112500 0.078125
1 0.118750 0.568750 0.112500 0.075000
1 0.135938 0.600000 0.106250 0.068750
1 0.160938 0.670313 0.109375 0.068750
1 0.189063 0.701563 0.109375 0.078125
1 0.198438 0.744531 0.106250 0.070312
1 0.220313 0.776563 0.103125 0.078125
1 0.235938 0.810156 0.106250 0.070312
1 0.260156 0.857813 0.110938 0.065625
1 0.279688 0.893750 0.109375 0.075000
1 0.175781 0.407813 0.117188 0.059375
1 0.194531 0.456250 0.117188 0.075000
1 0.203906 0.487500 0.120313 0.071875
1 0.220313 0.523438 0.118750 0.065625
1 0.257812 0.590625 0.121875 0.065625
1 0.235938 0.556250 0.109375 0.068750
1 0.270313 0.625781 0.121875 0.073438
1 0.289062 0.660156 0.118750 0.070312
1 0.304688 0.691406 0.112500 0.070312
1 0.320312 0.728906 0.109375 0.070312
1 0.339063 0.757812 0.109375 0.068750
1 0.353906 0.797656 0.104688 0.076563
1 0.382812 0.825781 0.109375 0.079688
1 0.045313 0.638281 0.087500 0.057813
1 0.035156 0.604688 0.064063 0.050000
1 0.035156 0.560937 0.064063 0.050000
1 0.020313 0.519531 0.034375 0.029688
1 0.020313 0.451563 0.034375 0.034375
1 0.035938 0.957031 0.065625 0.085938
