1 0.530469 0.141406 0.085938 0.098437
1 0.510938 0.150000 0.081250 0.096875
1 0.491406 0.166406 0.079687 0.101562
1 0.463281 0.182031 0.092188 0.101562
1 0.447656 0.208594 0.073438 0.107813
1 0.424219 0.224219 0.076563 0.107813
1 0.399219 0.241406 0.076563 0.110937
1 0.376563 0.271094 0.062500 0.110937
1 0.345313 0.292969 0.062500 0.104688
1 0.298438 0.332813 0.071875 0.106250
1 0.247656 0.376563 0.048438 0.109375
1 0.196875 0.426563 0.078125 0.100000
1 0.173437 0.454688 0.078125 0.093750
1 0.146094 0.475781 0.079687 0.104688
1 0.128125 0.494531 0.075000 0.101562
1 0.105469 0.510938 0.073438 0.103125
1 0.085156 0.528906 0.067187 0.107813
1 0.063281 0.542188 0.057813 0.109375
1 0.045312 0.560156 0.059375 0.110937
1 0.028125 0.580469 0.053125 0.110937
