3 0.477344 0.536719 0.095312 0.048438
3 0.595313 0.676562 0.090625 0.050000
3 0.475781 0.437500 0.095312 0.050000
3 0.485938 0.831250 0.093750 0.050000
3 0.486719 0.875781 0.098437 0.048438
3 0.481250 0.680469 0.093750 0.048438
3 0.473438 0.484375 0.100000 0.050000
3 0.593750 0.621875 0.100000 0.053125
3 0.482812 0.730469 0.093750 0.048438
3 0.479687 0.586719 0.096875 0.048438
3 0.482031 0.632031 0.095312 0.048438
3 0.485938 0.778906 0.100000 0.051562
3 0.577344 0.437500 0.095312 0.050000
3 0.588281 0.492188 0.095312 0.050000
3 0.600781 0.560156 0.082812 0.054688
3 0.594531 0.774219 0.092188 0.054688
3 0.598437 0.830469 0.096875 0.051562
3 0.600000 0.891406 0.096875 0.051562
