3 0.839063 0.887500 0.059375 0.087500
3 0.971094 0.945312 0.051562 0.087500
3 0.937500 0.921875 0.059375 0.084375
3 0.532031 0.532031 0.073438 0.095312
3 0.767188 0.617969 0.056250 0.092188
3 0.042969 0.254688 0.060937 0.084375
3 0.792188 0.970313 0.068750 0.059375
3 0.485156 0.513281 0.057813 0.089063
3 0.889844 0.903125 0.057813 0.090625
3 0.719531 0.611719 0.051562 0.098437
3 0.671875 0.588281 0.053125 0.098437
3 0.195312 0.868750 0.081250 0.090625
3 0.814063 0.632812 0.056250 0.090625
3 0.270313 0.717187 0.093750 0.093750
3 0.241406 0.770312 0.089063 0.090625
3 0.956250 0.698438 0.068750 0.100000
3 0.644531 0.172656 0.082812 0.051562
3 0.864062 0.650781 0.062500 0.085938
3 0.574219 0.117188 0.079687 0.053125
3 0.619531 0.566406 0.057813 0.089063
3 0.684375 0.850000 0.059375 0.087500
3 0.394531 0.844531 0.057813 0.098437
3 0.910937 0.679688 0.059375 0.096875
