2 0.321875 0.458594 0.109375 0.073438
2 0.207813 0.492969 0.109375 0.073438
2 0.218750 0.536719 0.109375 0.073438
2 0.334375 0.510156 0.109375 0.073438
2 0.345313 0.550781 0.109375 0.073438
2 0.357812 0.602344 0.109375 0.073438
2 0.373437 0.639844 0.109375 0.073438
2 0.389062 0.691406 0.109375 0.073438
2 0.396875 0.739844 0.109375 0.073438
2 0.410938 0.785156 0.109375 0.073438
2 0.423438 0.827344 0.109375 0.073438
2 0.439063 0.877344 0.109375 0.073438
2 0.446875 0.921094 0.109375 0.073438
2 0.470313 0.963281 0.109375 0.073438
2 0.225000 0.587500 0.109375 0.071875
2 0.242188 0.634375 0.109375 0.071875
2 0.257812 0.670312 0.109375 0.071875
2 0.275000 0.726562 0.109375 0.071875
2 0.287500 0.767969 0.109375 0.073438
2 0.300000 0.813281 0.109375 0.073438
2 0.307812 0.858594 0.109375 0.073438
2 0.326562 0.911719 0.109375 0.073438
2 0.334375 0.944531 0.109375 0.073438
2 0.345313 0.982812 0.100000 0.034375
2 0.192188 0.844531 0.109375 0.073438
2 0.203125 0.892969 0.109375 0.073438
2 0.228906 0.977344 0.104688 0.045312
