2 0.538281 0.143750 0.129688 0.081250
2 0.536719 0.229687 0.129688 0.081250
2 0.592969 0.268750 0.129688 0.081250
1 0.217969 0.217188 0.107813 0.065625
1 0.150000 0.029687 0.112500 0.056250
1 0.029687 0.016406 0.056250 0.029687
1 0.034375 0.050000 0.065625 0.059375
1 0.042188 0.092188 0.081250 0.081250
1 0.053125 0.126562 0.103125 0.065625
1 0.064062 0.173437 0.109375 0.068750
1 0.081250 0.230469 0.109375 0.070312
1 0.171094 0.093750 0.107813 0.065625
1 0.188281 0.135937 0.107813 0.065625
1 0.203906 0.164062 0.107813 0.065625
