2 0.613281 0.203906 0.073438 0.110937
2 0.813281 0.208594 0.073438 0.110937
2 0.032813 0.355469 0.062500 0.117188
2 0.091406 0.338281 0.064062 0.117188
2 0.378125 0.269531 0.068750 0.110937
2 0.432812 0.255469 0.068750 0.110937
2 0.489063 0.233594 0.068750 0.110937
2 0.554688 0.216406 0.068750 0.110937
2 0.657813 0.374219 0.068750 0.110937
2 0.601562 0.392969 0.068750 0.110937
2 0.545312 0.405469 0.068750 0.110937
2 0.485938 0.424219 0.068750 0.110937
2 0.425000 0.438281 0.068750 0.110937
2 0.365625 0.457031 0.068750 0.110937
2 0.309375 0.477344 0.068750 0.110937
2 0.245312 0.492969 0.068750 0.110937
2 0.195312 0.507031 0.068750 0.110937
2 0.140625 0.519531 0.068750 0.110937
2 0.092188 0.536719 0.068750 0.110937
2 0.035156 0.549219 0.067187 0.110937
2 0.729688 0.969531 0.112500 0.057813
2 0.838281 0.349219 0.064062 0.092188
2 0.047656 0.046875 0.070312 0.090625
